shape=[16, 9]
-0.04881619
-0.03441130
0.03301192
-0.01985442
-0.00770912
-0.04095380
0.02744756
0.03676673
-0.01992085
0.01977994
-0.04837831
0.01129783
-0.00203349
0.00207697
0.02005888
0.00751621
0.00058363
0.01005291
-0.02887348
-0.03916066
0.04813361
-0.02596675
-0.04067165
0.02032288
-0.03100253
0.04382874
0.02620233
-0.00107692
0.01665570
-0.00953410
-0.03712745
-0.03002851
0.01116147
0.02645258
-0.00792671
-0.04851552
-0.01246676
0.00376823
-0.00379815
-0.02054830
0.01593496
0.00506028
-0.00439526
-0.04779409
-0.00729130
-0.02045300
0.01323019
-0.02395298
0.00869923
0.02746338
-0.02010049
0.00781372
-0.04624842
0.04776140
-0.03940738
0.01066526
-0.04787624
-0.03907898
-0.00183504
0.04930668
-0.03216258
0.02481638
-0.04070548
0.03429831
0.02608832
-0.03986940
0.01863380
-0.02201946
0.01021445
0.00433057
-0.03775501
-0.03287620
-0.03555414
-0.02250752
0.01830106
-0.00325573
-0.00798020
0.00618057
-0.04693002
-0.00494615
0.01911716
0.00067815
-0.04497595
-0.03527695
0.01121082
-0.02016409
-0.01356539
0.01958732
-0.02528435
0.01239175
-0.01516794
-0.00302871
-0.00971180
0.01289180
-0.04970189
0.00599755
0.04220830
0.03885489
-0.01993244
-0.00257982
-0.03410322
-0.00993607
0.00792127
0.03333902
-0.04739810
-0.02338745
-0.00704315
0.01733447
0.00258438
-0.00377775
0.00752657
-0.02166582
0.00520415
0.02866677
0.00099403
0.01670677
0.03504864
-0.01750581
0.00178142
-0.01267378
-0.03888478
-0.04652668
-0.00935942
0.00110540
0.00696806
0.00578473
0.03477974
0.02503934
0.01545666
0.00142416
-0.03823750
-0.03612059
0.00709990
-0.01199904
0.04394230
0.02385924
-0.03481847
0.00703236
-0.02455520
0.01716209
0.02823271
0.03074674
-0.01694580
-0.02690693
