shape=[10, 128]
0.04444085
-0.01957949
-0.00589476
0.02483782
0.01289579
0.01755594
-0.03343102
-0.04821628
0.04147727
0.01847976
0.02776037
-0.00116181
-0.04344153
0.01660466
0.00141379
-0.03195678
-0.02091835
0.02477041
0.00672289
-0.04695431
-0.04341979
-0.02587810
-0.02958461
-0.00340712
0.03592827
-0.02066592
-0.03662091
0.04293067
-0.03656237
-0.04313927
0.04858342
-0.03361575
-0.03408703
0.02874790
0.04692720
0.04172455
-0.02944707
-0.02488288
0.01139414
0.04605899
0.03371953
0.02697254
-0.02739052
-0.01496158
-0.03442536
-0.00041288
0.00476185
-0.01661181
0.04931518
0.02767473
0.00659655
-0.04612171
-0.02528528
0.03293251
0.01912897
0.03033989
0.00207127
0.04755439
0.01914981
-0.01044824
0.02482033
-0.02328883
0.01026115
0.04718689
0.03214709
0.03102490
0.03575679
-0.00334547
0.03341871
-0.02118978
-0.03624417
0.00287642
-0.03355658
0.00370072
0.02827175
0.03371330
-0.00905650
-0.02876190
0.02645355
0.02903953
-0.00695224
0.00569037
0.01553862
-0.03939250
0.03633833
0.04331164
0.00774805
-0.00992949
-0.01880983
0.00318575
-0.02827888
-0.04241772
-0.03129173
0.00500786
0.04380264
-0.02037671
-0.02032959
-0.04634483
-0.02165597
-0.02427640
-0.01741504
0.01469778
0.04562825
0.00458985
0.03615328
0.03525836
-0.04796792
-0.03408005
0.00616135
0.03552504
0.00371438
-0.00931464
-0.02585616
-0.01313778
0.03002237
-0.01873562
0.04922566
0.04497290
0.04448389
0.00293327
0.01972609
0.01006125
0.04411217
0.03535403
-0.03291025
-0.00784379
0.03182549
-0.03788149
-0.00653338
0.02528951
0.01870382
0.01750781
0.04738500
0.00206130
0.03463688
-0.04320192
0.04164224
-0.01225692
-0.01126268
-0.00320270
-0.02062803
0.03587117
0.00940084
0.00804951
-0.00068180
0.00432910
0.02160378
-0.03500634
0.04395241
-0.00034670
-0.00733107
-0.03846487
-0.00777006
-0.04565666
0.04063395
0.03405274
0.03769132
0.03546369
-0.03455621
-0.01524814
-0.03177530
0.00580704
0.04533878
-0.00832204
-0.04184366
-0.03892677
-0.01956441
-0.03554152
-0.02102765
-0.03625586
0.02090364
0.02334705
-0.00219253
-0.01161937
0.04607211
0.02110148
0.02498576
-0.00734277
0.00157110
-0.04546208
0.04621118
0.02979969
0.03266839
0.01604872
0.00912609
-0.03165958
-0.03358475
-0.01605902
-0.00784419
-0.02496681
0.02964863
0.01348905
-0.04302529
0.04437686
0.02533889
-0.00719700
0.04346932
0.03391195
0.01679661
0.02201809
-0.03012911
-0.04176620
-0.02752135
-0.03861316
-0.01651971
-0.04430762
-0.00446403
0.01901809
-0.04712354
0.02519244
-0.04550764
0.04147943
0.03717459
-0.04083059
0.04407269
0.04458186
-0.00901629
0.01576550
-0.01352736
-0.01137985
0.01554165
-0.00926725
0.03973024
-0.02705839
0.04398527
0.01928280
-0.00911779
0.04627203
0.00351561
-0.01491942
0.03319399
-0.01674192
-0.00351994
-0.04147670
0.00444477
-0.00637838
0.02665537
-0.00743483
0.00704095
-0.04526016
0.04746052
0.02831702
-0.00416033
0.00429629
-0.02073018
-0.02381952
-0.04709518
0.00897817
-0.03763396
0.04978519
0.01716153
-0.01727965
0.03410323
-0.02625284
0.04464526
-0.00977893
0.04650434
0.01375957
0.04546764
0.01891258
0.01507247
-0.00950768
-0.03322119
-0.03177917
0.02465166
0.01270415
0.03784375
-0.04556818
0.04557080
0.02073621
0.01181573
0.02525284
0.02175483
0.03788050
-0.01403560
0.01732137
0.00943613
0.00256884
0.02762863
-0.02482049
-0.03977204
-0.03765889
-0.01287304
-0.03010591
-0.02431281
0.01067530
-0.04526700
0.00660637
-0.02811679
0.04407707
-0.03426477
0.03227816
-0.04299042
0.01441352
0.02531351
0.00047862
0.01403684
0.04967307
-0.03144344
0.02668041
-0.01873461
-0.01900134
-0.03168323
0.03826389
-0.00174640
-0.02874388
0.04247360
-0.02856630
-0.01283558
-0.04246115
0.00269914
-0.04221372
0.00091703
0.03362586
0.00037637
-0.02796334
-0.01566253
0.00761416
0.04803648
-0.01625407
-0.00159092
-0.03313604
0.02447528
0.02545460
-0.02229596
-0.01493714
-0.04796538
-0.03731685
0.01353131
-0.02208313
0.00342567
0.00187878
-0.04373269
-0.03005067
-0.01816887
-0.03369289
-0.03152690
-0.00431596
-0.04023989
0.01865516
-0.03960440
0.01378991
-0.02521540
-0.04174681
-0.01424213
-0.00099321
-0.01386520
0.04667994
-0.01823358
-0.03130249
-0.04672676
-0.01038307
0.00172933
0.03770409
-0.03233919
0.01738625
-0.00229013
0.02729006
-0.00074862
-0.00888691
-0.02558784
-0.04432676
-0.01299925
-0.02764836
0.02943579
0.03003441
-0.01961298
0.03649918
0.04299103
-0.03725348
-0.00666205
0.04184723
0.00691175
-0.03855730
0.02404403
0.01928854
-0.03901131
-0.02161008
-0.00876032
-0.00774097
0.04787627
0.03587733
0.03186867
0.00026227
0.03094787
-0.01872052
0.01642985
-0.04346751
0.01255290
-0.00223875
-0.03156916
0.02424736
0.00366576
0.04485175
-0.02235621
-0.04659100
-0.03654511
-0.01795946
0.00825286
0.04522509
-0.00464179
-0.01840189
0.01479901
0.01387723
-0.02560900
0.03360621
-0.00247575
-0.04008806
-0.01966068
0.03484997
0.01271700
-0.00814005
-0.03563447
-0.02636909
-0.03634619
-0.00906997
-0.03140285
-0.04623364
-0.01870711
-0.02541981
0.00370474
-0.03477906
-0.01145296
-0.02260019
-0.04642323
-0.02316827
-0.02765592
-0.00148237
0.03149658
0.02958172
0.02705668
0.04962808
-0.03864986
0.01985972
-0.02404570
0.03616753
0.00238023
0.01234435
-0.00605258
0.03630432
0.03584899
0.01229862
0.04853126
0.01178779
-0.01139617
-0.03308566
-0.04243578
-0.02578838
0.02699625
0.01546992
0.00497628
0.02532690
0.00680183
-0.02795644
0.02996296
-0.03006929
-0.02903295
0.00892864
-0.02763666
0.01340592
-0.01454195
0.02662224
0.03342958
0.00468231
0.02975696
0.03306678
0.02852136
0.00294398
0.02472453
0.02032994
0.04960447
0.03698129
0.01788705
-0.04915259
0.03616101
-0.02778627
0.01896475
-0.02635827
-0.03709216
-0.03183099
-0.02074353
0.01276874
-0.01398079
-0.01589441
0.02973101
-0.00442523
-0.00375807
0.02013418
0.01857941
-0.01262905
-0.04260957
0.02118304
0.00114749
0.00887672
-0.03161835
0.00803729
0.02617809
-0.00017098
0.02115170
0.04008246
0.04410797
-0.01653851
0.02119187
0.04841031
-0.01563710
-0.04231802
0.03942573
0.00067309
-0.01889616
0.01904447
0.00030593
0.04222674
0.00378976
-0.00249717
0.03785915
-0.01899149
-0.02090169
-0.01653826
0.04006041
0.00374911
-0.00864620
-0.03938834
-0.00259686
-0.01728252
-0.00541825
-0.02343732
0.02030137
0.04417141
0.04888634
-0.03971738
0.01984052
-0.03378798
0.03164182
0.01868983
-0.02207579
0.03973899
0.03324474
-0.01346871
0.03400367
-0.03292384
-0.01865020
-0.03362228
-0.02335963
0.01665339
-0.02857924
0.03404703
0.01815964
0.01533402
-0.01949308
0.01934328
0.02189388
-0.02580145
0.03261664
0.03279067
-0.02303869
0.00624987
-0.02088326
-0.02912630
0.01379004
0.04170638
0.01568146
0.04165148
0.01494036
-0.04232775
-0.02742574
0.00234261
-0.00986139
0.04865432
0.01893377
0.02722811
0.00366259
-0.00030963
0.03956330
-0.04129576
0.00089381
0.01985269
0.01483548
-0.04318796
0.00051354
0.00518042
0.03492469
0.00388414
0.01987318
0.04695758
0.00386836
0.00176629
-0.00936842
-0.00584381
-0.02949551
-0.00066477
-0.04562006
0.02317725
0.01070265
0.01932536
0.02874186
-0.03898611
0.04781165
0.04009335
0.02654534
0.04808003
0.01527031
-0.04707835
-0.03892324
0.00506714
0.02931937
-0.04452711
0.03900818
0.03849988
0.03969315
-0.04260638
0.02820875
-0.03493957
0.04343930
0.01900781
-0.03776446
-0.03987406
0.03077825
-0.03800772
0.01750292
-0.00124599
0.04956205
0.01518806
0.00234337
0.03420879
-0.04535735
0.01913405
0.02934220
0.00451950
-0.04216806
-0.04546440
-0.02167501
0.00588215
0.01765557
-0.02523330
0.01921042
0.03745149
-0.04081606
-0.04522965
0.01208141
0.04272706
0.01765344
-0.02130909
-0.04850770
0.01807739
0.03936986
0.03804424
-0.01257675
-0.04202470
-0.04367218
-0.00382922
0.00027316
-0.04538646
-0.02139908
-0.00176445
-0.01287664
0.00800830
0.03881354
0.00772040
-0.02257337
-0.00058846
-0.01051144
0.03954780
0.01082932
0.02208089
-0.00397525
0.04909172
0.00100370
0.03321484
-0.01215873
-0.01762962
-0.02980899
-0.01676426
-0.01158467
0.04539316
-0.02664187
-0.00334739
-0.04502825
0.00579293
0.04499252
0.00904606
-0.03951909
0.03171054
-0.03817305
-0.03652763
0.00492891
0.03048453
-0.00434549
0.02247500
-0.00211770
0.01374003
0.01797816
0.03814855
0.02046295
0.04561991
-0.02910126
0.03652747
0.04440538
0.00935901
0.00799285
0.00386899
-0.02409397
-0.02008832
0.04290392
-0.01896317
-0.04301546
0.02301216
-0.02879241
-0.02854429
-0.02266037
0.04432182
-0.01515855
-0.00596917
0.04900796
0.00948458
0.00210536
-0.02311732
-0.02478635
0.01551556
0.03831481
0.00298803
0.04843288
0.01633289
0.04888338
-0.03276677
0.02820219
-0.00474684
0.00262689
0.04593936
-0.03843703
-0.02096459
0.00552723
-0.01268424
0.03276914
0.00163253
0.04162043
0.00883413
0.03610686
-0.04499092
0.00918125
-0.02009777
0.03011621
0.01875419
-0.02883894
0.03622709
-0.00196135
0.02093257
0.04093050
-0.00759996
0.04162014
-0.01387778
-0.04555759
0.00842288
0.02344142
0.01295238
-0.04504984
-0.04871942
0.03191663
0.04955231
-0.00526371
0.02085679
-0.00469769
-0.04055966
0.00862264
0.00990079
-0.03735022
0.04552742
-0.03771403
0.03023114
-0.04741804
0.01360181
-0.03048879
0.00221771
0.02375742
-0.01129673
-0.02709023
-0.03923254
0.01091888
-0.03092291
0.04334806
-0.04254314
-0.04570471
0.01687170
-0.00133254
0.04307289
0.04992257
-0.01347546
0.00748849
0.00426666
-0.04871153
0.00934699
-0.01821069
-0.02322267
-0.04439813
0.00833810
-0.03716713
-0.03381587
0.02778604
-0.02290889
0.03597766
0.01814817
-0.03389452
-0.00694486
-0.02557912
-0.03187970
0.03327608
0.00414414
-0.05001242
-0.02648474
-0.02595980
0.04740145
0.02805648
-0.04155113
0.04038955
-0.00661024
-0.01594615
-0.02006772
-0.02331283
-0.02511143
-0.04842209
-0.02642548
0.03786205
-0.01165622
-0.03990687
0.02678278
0.03312134
-0.02870131
-0.03198135
-0.02991193
0.00313799
0.00482577
0.03661123
-0.01343061
0.02738742
0.03309890
-0.04519839
0.00887080
0.00917359
-0.00837777
0.01174761
-0.03964297
-0.03803940
-0.00760387
0.04658053
-0.04857573
-0.03362240
0.04525187
0.03585900
-0.04046832
-0.01966119
-0.04261498
0.01621390
-0.03351966
-0.03635570
0.04783520
0.03610213
0.02282147
-0.04017427
-0.04248613
-0.03558478
0.00948990
-0.00801159
-0.00384318
-0.02251678
-0.01609660
0.00076290
0.03794197
-0.04140074
0.04482261
-0.00522324
0.02835237
0.01498632
-0.00932646
-0.01806097
-0.03631397
0.01118167
0.04009339
0.01270052
-0.01940879
-0.04478124
0.01347756
0.00152077
0.04526646
-0.02574392
-0.02358788
-0.03067333
0.00250778
-0.01053353
-0.04878844
-0.01852346
-0.00896700
-0.03126583
0.01553571
-0.03773456
-0.04967229
0.02036074
0.04683914
0.02242859
0.02403788
-0.04494640
0.00461225
0.00292954
-0.02186854
0.02362437
0.04490001
0.04406791
0.03548769
0.04797126
-0.03658207
-0.01826667
0.04423136
-0.02518116
0.02163772
-0.03879781
-0.03476349
0.02627916
-0.03229570
0.00190787
-0.02454194
-0.03795401
0.01184512
-0.01358655
-0.04869790
-0.01871333
0.00617917
0.00177902
-0.03596972
0.03147338
-0.02823480
-0.01439933
-0.04629509
0.02642709
0.03226111
-0.03482329
0.01273289
-0.02819504
0.00919924
-0.03346388
0.00331592
0.04700996
0.00704943
-0.01314744
-0.01696601
0.01004167
0.02433923
0.01129881
0.03691202
-0.02943516
0.00174426
-0.01322138
0.01716267
0.04085016
-0.02796149
0.01043983
-0.00400762
0.04975010
-0.04460350
-0.03588831
0.01764078
-0.02951974
0.01827675
0.00093546
-0.02462405
0.04203844
-0.03930572
0.01533174
-0.02841140
-0.03777300
0.04945990
-0.02260315
-0.00041803
-0.04883184
0.02603910
0.02382931
0.04281567
-0.02854373
-0.02472543
-0.03208562
-0.04069719
0.04379192
0.02832115
-0.04334850
0.02717127
0.03479584
-0.03443350
0.02788914
-0.00616221
0.01625601
0.02049077
0.01284524
0.01898697
0.00269911
0.04449319
-0.01067271
-0.03368214
0.00269695
-0.01072635
0.03125590
0.02903020
0.01898995
-0.00785900
0.04603188
0.02252648
0.01280871
0.03912807
-0.04120072
-0.01204688
-0.02150633
0.01067284
0.04549576
0.02886158
0.00779361
0.01664426
0.03292515
0.00231417
-0.00642935
0.03362797
-0.03799741
-0.00869979
0.00091890
0.04510909
0.02170644
0.02888351
-0.02700996
0.04220944
-0.04505550
0.03650368
0.00069228
-0.00935806
-0.01312292
0.02317699
-0.03299607
0.01328583
0.00087881
-0.03983865
-0.03115107
0.01440190
-0.00015009
0.02837243
0.04659421
-0.00152285
-0.02444552
0.01117000
0.02847604
0.02249060
0.01413843
0.04506335
-0.01103481
-0.02291582
0.04004677
-0.01688744
-0.04899020
0.02053636
-0.01130273
-0.00827338
-0.03057904
0.04863258
-0.00464902
-0.01048958
0.02763735
0.02890367
-0.04892063
-0.03704865
-0.01573573
-0.04091241
-0.03811674
-0.00976091
-0.04703186
0.00548351
0.02543001
0.01564035
-0.00972374
0.01665065
-0.03646666
-0.01936334
0.01771817
0.02571472
0.02207777
-0.00861541
-0.04254189
0.01224094
0.02743226
0.03729712
0.04034370
-0.01248171
0.02007717
0.01246897
-0.04146570
-0.01725456
-0.03848178
-0.02873138
-0.02208880
-0.02193857
0.02479616
0.00442199
-0.00097542
-0.02065705
0.01401943
0.01125006
0.02192467
0.01026058
-0.03624036
0.02703308
0.02950999
-0.03810130
0.02436805
0.02004922
0.00093291
0.03250562
0.02998294
-0.04598514
-0.03828823
0.00517010
0.00905096
0.03490002
0.01691352
-0.02557987
0.03677506
0.00169404
0.03509298
0.04941355
-0.04789980
-0.02768882
0.03866339
-0.04762561
0.03853234
-0.00437454
-0.02800796
-0.00307506
0.01525725
-0.04652286
-0.02787655
-0.02992171
-0.01931997
-0.01027583
-0.03272685
-0.04653192
-0.02778824
-0.00080607
0.01110024
0.03186453
0.00213270
-0.02881261
0.04513970
-0.02219577
-0.00508748
0.03415355
0.01849195
0.03544880
-0.03944116
0.02022825
0.03905651
-0.03167771
-0.04244035
-0.03694215
0.01269656
0.00613216
-0.03177280
0.03343752
-0.03581097
0.04803656
-0.01984875
-0.04140137
-0.01916892
0.02212284
0.02583900
-0.00441768
-0.01682208
-0.01806552
0.04059852
0.02375566
-0.03706137
0.01616664
-0.04090306
-0.00679753
0.03749226
0.04114634
0.00268928
-0.01281228
-0.00507751
-0.01003435
0.04033739
0.00557035
0.01279384
-0.00487931
-0.02979368
0.00495201
-0.04735121
0.00468941
-0.04151347
0.01023902
0.04294321
-0.03872862
0.02769954
-0.01262924
-0.01225956
0.00823809
-0.01078640
0.04585670
-0.01732033
-0.01796476
0.04463279
-0.04545529
-0.03185906
0.02891593
-0.03589155
0.00609626
-0.00700768
0.01116988
-0.01196228
-0.01062990
0.04294759
0.00618882
-0.00888251
-0.03269865
-0.01908393
0.01192123
0.00559186
0.00476458
-0.00349985
0.00164105
-0.01008152
-0.00968493
0.00457267
-0.00821754
-0.01252096
0.00960104
0.01749373
-0.01502405
0.02544919
0.01715269
-0.00070491
0.01535904
0.02085825
-0.00862573
-0.04035643
0.00252568
0.03899957
0.04606820
-0.00264561
-0.04451358
0.00244402
0.04558573
-0.00418280
-0.01106198
0.03235126
-0.00499250
-0.03554217
0.00082074
-0.03911606
0.04537608
0.01558898
0.01822297
-0.01023585
0.02544004
-0.03781158
-0.04483324
-0.04772403
0.04691145
-0.02901356
0.00787468
-0.01727691
-0.03518942
-0.01198216
-0.03579298
-0.03626641
-0.03300790
0.02145383
0.02359410
0.03092875
-0.03036931
-0.02540548
-0.03549098
0.03757844
-0.00917417
-0.03655033
-0.04876544
-0.04727952
0.00656533
0.03959677
-0.00909786
