shape=[256]
-0.00018551
0.00000000
-0.00008447
-0.00009197
0.00002870
-0.00000318
-0.00003918
0.00020695
0.00003618
0.00011988
0.00000262
-0.00001429
-0.00013901
-0.00000243
0.00000000
-0.00005834
-0.00006927
-0.00003837
0.00007648
0.00000184
-0.00014306
-0.00003975
0.00019346
-0.00006814
0.00014757
-0.00023672
-0.00005314
-0.00000179
-0.00009747
-0.00025921
-0.00002401
0.00002235
-0.00021129
-0.00004006
0.00008611
0.00012699
-0.00033059
-0.00008338
-0.00017423
0.00011477
0.00019455
0.00011065
0.00006082
0.00006148
0.00014553
-0.00001424
-0.00010880
-0.00002377
-0.00013737
-0.00016120
0.00008349
-0.00024344
0.00006661
-0.00000326
0.00001589
0.00010207
0.00004901
-0.00011455
-0.00003440
-0.00020694
0.00013150
0.00018136
0.00009405
-0.00040377
-0.00006634
-0.00003966
0.00000000
0.00008594
0.00000000
-0.00017796
-0.00006173
0.00005326
0.00004138
-0.00016972
0.00003285
0.00029226
-0.00001140
0.00008739
-0.00000314
0.00000000
0.00013843
0.00005121
0.00000006
0.00000553
0.00012043
0.00008260
0.00005731
-0.00002787
0.00022610
0.00005423
-0.00013737
0.00000000
0.00003177
-0.00014529
0.00004638
0.00024352
-0.00022906
0.00007897
-0.00023329
-0.00013754
-0.00001017
0.00016321
0.00005046
-0.00010654
0.00000000
-0.00012545
0.00017507
0.00006650
-0.00011016
-0.00007686
0.00000365
-0.00004302
-0.00010527
0.00017224
-0.00000968
-0.00002642
0.00006773
0.00009612
0.00000000
-0.00005021
0.00028808
-0.00012332
0.00009487
0.00010746
-0.00006407
-0.00003155
-0.00009261
0.00005142
-0.00015919
0.00009629
-0.00012609
-0.00007521
-0.00019450
0.00000069
-0.00001395
0.00021551
0.00005577
0.00000347
0.00000000
-0.00000240
0.00014383
0.00010010
-0.00045201
-0.00005404
-0.00014549
-0.00016683
-0.00049596
-0.00009301
0.00003141
-0.00004216
-0.00005630
-0.00000865
-0.00001329
0.00033691
-0.00008164
0.00003111
-0.00024591
0.00020144
0.00014753
-0.00001301
0.00018896
0.00008685
-0.00002392
-0.00003078
0.00011011
0.00009006
-0.00031513
0.00024742
0.00004644
0.00012706
-0.00004891
0.00012985
0.00006250
0.00005115
-0.00019012
-0.00003993
0.00030776
-0.00000478
0.00011544
0.00003748
-0.00001405
-0.00001576
-0.00011777
-0.00023479
0.00000000
-0.00001980
0.00001312
0.00015974
-0.00010247
0.00018114
-0.00019248
0.00000259
0.00000000
0.00000000
0.00014850
0.00012976
0.00000226
0.00000969
0.00003252
-0.00002453
-0.00010988
0.00009693
0.00014269
0.00001835
-0.00027079
-0.00001333
-0.00003941
0.00001434
-0.00005852
-0.00030352
-0.00005470
0.00052002
-0.00007844
-0.00003346
0.00015360
-0.00014673
0.00003221
0.00000000
0.00006500
-0.00013413
0.00027807
0.00000000
0.00001814
0.00005966
-0.00006225
-0.00007171
-0.00008440
-0.00005071
0.00016703
0.00004606
-0.00024806
-0.00003201
-0.00010503
-0.00000575
-0.00005176
-0.00001627
-0.00020083
0.00008989
0.00016896
0.00000000
-0.00000020
0.00017827
-0.00004481
0.00013675
0.00011611
0.00001818
0.00010423
-0.00003899
0.00008306
-0.00005956
0.00001655
0.00014579
0.00000077
-0.00007874
0.00015988
0.00009905
