shape=[128]
0.00022140
-0.00002026
0.00001663
0.00005395
0.00000000
0.00039664
-0.00002043
-0.00190459
-0.00001359
-0.00030728
0.00026389
0.00003681
-0.00010449
0.00072080
0.00000000
-0.00000602
-0.00054036
-0.00028092
0.00009634
0.00006036
0.00039393
-0.00048246
-0.00027230
-0.00011120
-0.00017886
-0.00067283
0.00020542
-0.00020875
0.00013908
0.00023673
0.00100660
-0.00019246
0.00000317
-0.00070445
-0.00001408
0.00011999
0.00000000
0.00098517
-0.00049091
-0.00040814
-0.00050463
0.00000000
0.00063979
0.00023199
-0.00007957
-0.00012875
0.00031937
0.00048632
0.00012253
-0.00024385
0.00006874
-0.00036474
0.00010823
-0.00017747
0.00000000
0.00001423
-0.00028791
-0.00114163
0.00073500
-0.00001020
-0.00034678
0.00017031
-0.00004065
0.00020238
-0.00001013
0.00023044
-0.00076847
0.00001451
0.00027172
-0.00010158
0.00014640
0.00000000
0.00000000
0.00017269
0.00070528
-0.00013117
0.00027552
-0.00029937
-0.00035343
-0.00050336
-0.00062127
-0.00028865
0.00000999
0.00055110
-0.00117057
-0.00002130
0.00007382
0.00000000
0.00017230
0.00021846
-0.00038708
0.00029467
0.00008963
0.00049775
0.00011850
0.00014356
-0.00013578
0.00000000
-0.00005359
-0.00001593
-0.00043270
-0.00006163
0.00108355
-0.00067082
0.00005553
-0.00008033
0.00027272
0.00062090
-0.00027309
-0.00030750
-0.00000664
-0.00001113
0.00002090
0.00040470
0.00018885
0.00031353
0.00064505
-0.00070098
-0.00046970
0.00000887
-0.00039307
0.00000000
-0.00063575
-0.00053196
0.00028009
-0.00007831
-0.00002464
0.00011623
