shape=[16, 9]
0.27700001
0.44456282
0.33326524
0.42848912
0.48255855
0.48656231
0.22886689
0.25512058
0.30692452
0.06822116
0.24859297
0.13033935
0.20478576
0.25858191
0.31797329
0.10229914
0.09980802
0.23595794
0.02415813
0.01211048
0.07405941
0.04955699
0.03159256
0.14007637
-0.04943428
0.08362556
0.03622635
-0.06644905
0.06935561
0.06285107
-0.00693217
0.15156470
0.22827142
0.12044853
0.27759829
0.29693195
-0.03647180
-0.05919154
-0.04421930
0.00274920
0.04431240
0.00701812
0.05760966
0.05751121
0.03082847
-0.01674834
0.00927013
-0.05065366
0.08271655
-0.04029630
0.01928983
0.07067041
0.04164064
0.06038387
-0.08329082
-0.10705718
-0.05704030
0.17541574
0.15214431
0.14496495
0.17384776
0.23634858
0.19023657
-0.00528025
-0.01795668
0.02210339
-0.01704601
0.04535436
-0.03311896
-0.00139206
0.03894262
-0.04045929
0.06171669
0.07225741
-0.06033463
0.07372633
0.02956252
0.07094351
0.00774972
0.07862153
0.11832982
0.11457208
0.15486100
-0.02412696
0.14737837
0.21209207
0.08014663
0.17265618
0.08803216
0.02971687
-0.03645647
-0.02711213
-0.03106496
0.01682078
0.09618729
0.06434963
0.09378268
0.14103189
0.06574459
0.08251413
0.03068217
0.01719482
-0.04203742
0.03225934
-0.06025553
-0.04054753
-0.00643170
0.01514265
0.02531395
-0.01353081
-0.03687626
-0.05363264
-0.05455608
-0.02397956
-0.03694333
-0.05544962
0.00062673
0.07092498
0.23922521
0.13406365
0.11690487
0.29114872
0.19564480
0.16372477
0.19365650
0.16771296
0.22778943
0.17277688
0.11854014
0.23611839
0.26405734
0.22484612
0.02786932
-0.01297162
0.02190328
0.08462074
0.13882944
0.16964021
0.12329165
0.16895556
0.12049247
-0.08743709
-0.01055662
0.04319095
