shape=[256]
-0.00108999
0.00349780
-0.00023961
0.00766017
0.00617657
0.00643744
0.00144086
0.00155082
0.00835057
-0.00433886
0.00685202
0.00983416
0.00097493
0.00327633
0.00527813
-0.00050951
-0.00062201
0.00905248
-0.00083542
0.01027479
0.00031425
-0.00129271
-0.00125677
-0.00581238
-0.00174396
0.00738843
-0.00213237
0.00694406
-0.00001308
-0.00325650
0.00837571
0.01084609
-0.00245782
0.00854079
-0.00132332
-0.00001458
0.00640118
0.00959731
0.00601098
0.00318965
-0.00098906
0.01724909
0.00188117
0.00187888
0.00233165
-0.00243801
0.00238381
0.00051018
0.00020942
-0.00325642
-0.00050966
0.00044689
-0.00104281
-0.00074116
-0.00751314
0.00032697
-0.00304754
-0.00286620
-0.00184159
0.00345118
-0.00333342
-0.00015598
-0.00092795
-0.00028245
-0.00234771
-0.00047729
-0.00502580
0.00150073
-0.00425169
0.00384392
0.00895698
-0.00002369
-0.00169314
-0.00000663
0.00037021
0.00019593
-0.00428866
0.00296549
-0.00246093
0.00025092
-0.00521348
0.00145208
0.00147287
0.00609825
-0.00094429
-0.00044791
0.00645491
0.00396862
-0.00016583
-0.00084730
0.00910067
-0.00076241
-0.00436833
0.00049990
0.00097400
-0.00068751
0.00045558
-0.00188122
0.00298811
0.00277083
-0.01141033
-0.00040438
0.00645678
0.00540767
-0.00189435
-0.01177086
0.00401524
0.00069175
-0.00102196
-0.00002867
-0.00053549
0.00400820
-0.00106682
0.00367206
0.00235753
-0.00429630
-0.00035284
0.00111764
0.00934600
0.01117897
0.00973503
-0.00248500
-0.00302725
0.00285700
0.00066131
-0.00314159
0.00688271
-0.00017847
0.00465843
0.00771205
-0.00049008
-0.00051629
0.00578886
-0.00291242
0.00604140
-0.00442902
0.00301091
0.00783283
0.00253312
0.00716515
0.00127689
-0.00167094
0.00538328
0.00093695
-0.00625440
-0.00090949
-0.00019737
0.00984572
-0.00136834
-0.00665862
0.00032020
0.00010974
-0.00599925
0.00153149
0.00664775
-0.00006577
-0.00769478
0.00161802
-0.00084282
-0.00208900
0.00140020
0.00391574
0.00463169
0.00150203
0.00310708
0.00656431
0.00513357
0.00205488
0.00000000
-0.00923271
0.00788200
0.00576813
0.00395035
0.00111219
0.00647855
0.00137603
0.00490274
0.01087964
-0.00000380
-0.00015896
-0.00022066
-0.00069844
0.00601470
0.01129869
0.00438430
-0.00072686
-0.00156605
0.00064331
-0.00181332
-0.00490622
-0.00053513
0.00865117
-0.00060128
0.00287178
0.00018635
0.00920731
0.00507721
-0.00186337
-0.00061237
-0.00373116
0.00286937
0.00213008
0.00169215
0.00771325
0.00604164
-0.00030017
-0.00184055
-0.00133800
0.01423286
-0.00116430
0.00249608
-0.00162965
0.00525972
0.00135399
0.00081934
0.00586913
-0.00087678
-0.00141165
-0.00462558
0.01317860
0.01095203
-0.00382661
0.00982850
-0.00567456
0.00316433
-0.00131147
-0.00228451
0.00136698
0.00757197
0.00711822
0.00167774
0.00863990
0.00236771
0.01124621
0.00370636
-0.00028705
0.00440991
-0.00405910
-0.00124014
0.00177085
-0.00041095
0.00097453
0.00412731
0.00136253
0.00212243
-0.00052490
0.00073341
0.00250563
0.00229561
0.01099175
0.00462381
0.00279598
-0.00157796
0.00453469
-0.00292172
0.00213893
