shape=[128]
0.00031361
0.00927981
0.01313344
-0.00144077
0.03312531
-0.00862266
-0.00703887
-0.00538513
-0.01109239
0.03434715
0.01582025
-0.01308654
0.02982791
-0.00666129
0.00532416
0.03020408
-0.02601823
0.01067644
0.00230729
-0.01634467
0.00731205
0.00037690
0.00653214
0.01065691
-0.00902273
-0.00064532
-0.01138205
-0.00138115
-0.00324619
-0.00180057
0.03515705
0.01909890
-0.00633754
0.02766720
0.01225291
-0.00109361
0.02180872
0.01411621
-0.00936412
-0.00855930
0.01040370
0.01060918
-0.00508167
-0.00074881
-0.00954752
0.01240419
0.00299004
0.01536744
-0.00612564
0.01611013
0.00659874
0.01582229
-0.00066674
-0.00996878
0.00466196
0.03711892
-0.01174922
0.02437914
0.01041971
-0.00441396
0.02050069
-0.01459740
0.01446870
0.00341378
0.01976156
-0.01257789
0.01059661
-0.00018025
0.01542084
0.02892100
0.03127109
0.00347091
0.00869224
0.00343951
0.00024348
0.02213607
0.00443188
-0.00219181
0.01633484
-0.01063282
0.01654486
0.00553002
0.02018331
-0.00802480
0.02390904
-0.00322145
-0.00126491
0.01536854
0.01416954
-0.00201030
-0.00129169
0.00579773
0.01339702
0.02233560
-0.00074880
-0.00489647
-0.01995468
-0.00340863
0.02339751
-0.00218016
0.02569202
0.00895805
0.00078948
0.01825500
-0.00018727
-0.00617695
-0.01533493
0.01850631
0.00286096
0.03557838
0.00411227
-0.02658544
-0.00371149
-0.00318164
-0.00178749
-0.00082875
-0.00164395
-0.00414912
0.00281218
-0.01406084
0.01453381
-0.00836296
0.02095715
0.02837456
0.01364606
0.03154952
-0.00356347
0.00185289
