shape=[10, 128]
0.01249138
-0.07617850
-0.03343131
-0.03269160
0.00592793
0.12462524
-0.07752939
-0.02188817
-0.01913864
-0.05931034
-0.11081847
-0.03847883
0.01900952
0.00928861
0.14402583
-0.11442851
0.04527395
0.07980236
0.19544245
-0.01730182
-0.04107444
-0.06063520
0.19899684
-0.10019135
-0.01614166
-0.01591646
-0.01295519
-0.05896087
-0.08849431
-0.03628447
-0.08184473
-0.01630103
0.07519002
-0.08157209
-0.01494260
0.06800415
0.13544720
-0.14161858
0.02266336
-0.04292054
-0.08799513
0.06594844
-0.03265549
0.01173586
0.25197247
0.14045724
-0.03290508
-0.08163232
0.03378933
-0.05731531
0.19001856
-0.11270761
0.05832509
-0.01791197
-0.09130678
0.03411965
-0.01292754
-0.17322950
0.11750606
-0.03844782
-0.06951420
-0.05755487
0.01589750
-0.05285889
-0.02974509
-0.00272627
-0.17880432
0.01901514
0.04844408
-0.14288570
-0.06949306
-0.04273145
-0.14362830
0.04912188
0.02292180
-0.06265067
-0.05058482
-0.01254041
-0.09576989
0.12939169
0.27148429
-0.01719167
-0.05776941
0.05384506
0.16826005
-0.06458959
-0.05821818
-0.02367679
-0.11252868
-0.08324117
-0.07361323
-0.06947989
0.02846430
0.02195664
-0.17817751
0.03400669
0.09650218
-0.04398541
-0.16743572
0.15719037
-0.09624892
-0.01344595
-0.03995866
-0.11829899
0.04842260
-0.01838184
-0.00170987
0.04763048
0.07059692
-0.26110587
0.00919313
-0.11331411
0.08068582
0.02216143
-0.03645008
0.07398988
-0.00824432
-0.03806955
0.03578291
-0.04012791
-0.00742908
0.01600196
0.01159884
-0.01349385
-0.00702568
-0.03458336
0.15455808
0.07785942
-0.00126255
-0.17023942
0.32662115
-0.02288101
0.06977294
-0.02615669
-0.02825901
0.07938977
0.06474086
0.12662721
0.11749175
-0.03361471
-0.06699534
-0.01012291
-0.02604980
0.21307760
-0.00975628
-0.06124857
-0.06847017
0.00051815
-0.03147719
0.02182787
-0.15204673
-0.16400294
-0.03243967
-0.01973874
-0.00708447
-0.05981576
0.07982585
-0.01074534
0.04712642
0.04106829
-0.09779722
-0.11184402
0.09381976
-0.01684214
-0.13192125
-0.12583195
-0.00377940
-0.06306097
-0.09910278
-0.13827470
-0.03594264
0.03796046
-0.06540751
-0.02868422
0.11043015
0.02843970
0.01479578
-0.13577457
0.00325158
0.04350392
-0.12567504
-0.06324692
0.01853530
-0.10778031
0.03904442
0.28232843
-0.02384111
0.03730628
0.12192059
-0.14138140
-0.03561848
0.00292314
0.19025086
-0.04902525
0.09698479
0.00401606
0.03302196
0.20823875
-0.09683394
0.00103862
0.17736770
-0.17740668
0.01362664
-0.01314512
-0.05726551
0.00452979
0.10140790
-0.04340048
0.03819217
-0.06720288
0.17147924
-0.07886216
0.02518906
-0.00118923
-0.02762584
0.01867119
0.01123240
-0.05701029
0.10331198
0.01614405
-0.07248457
-0.09071217
0.11133427
-0.03935248
-0.12679473
0.07964096
-0.07607218
-0.00284342
0.07735462
0.04267262
0.02768796
0.01332537
-0.03540474
0.02509519
-0.01057126
0.00132152
0.00661541
0.14167055
0.01300174
-0.05050352
-0.06393666
0.00035996
-0.07216679
0.09090932
0.01226544
-0.06953201
-0.07577600
-0.03526388
-0.02510237
-0.08391720
0.07710555
-0.10289510
0.03548164
-0.12021604
-0.08085258
-0.04596686
0.02100541
-0.09614658
0.04312076
0.02426878
-0.05139685
-0.05435061
-0.05801189
-0.03659757
-0.00369305
-0.06457371
-0.07641968
-0.03528798
-0.06363868
0.09486397
0.03201807
-0.12919138
0.04415348
0.18406056
0.04914577
-0.03229132
-0.05121238
0.03401663
-0.09634475
-0.09926336
0.00100469
-0.02959639
-0.01840308
0.00824881
0.13340680
-0.03228235
0.05161073
-0.15859798
-0.09898071
-0.04067501
-0.08712339
-0.05319071
0.13929276
0.16475849
-0.04144132
-0.02881273
-0.01040693
-0.05487861
-0.01534401
-0.01629272
0.02937356
0.13453263
0.04337100
-0.09040925
-0.03387646
0.00739909
-0.04898771
-0.11082383
0.03153784
-0.01726129
-0.04939219
-0.09515953
0.02857589
0.18389425
0.11329415
-0.04141995
-0.00604516
-0.04585307
-0.10159752
0.00030599
-0.07272477
-0.04278778
0.13491623
0.03019220
0.17535405
0.22495310
-0.06950671
-0.02748006
-0.00587155
0.00015272
0.00210205
-0.07472374
0.19539206
-0.00712730
-0.07916109
0.10302205
-0.01817429
-0.04530922
0.04858344
0.09308960
0.05403406
-0.04975927
-0.01989291
-0.05744751
0.00841084
-0.01270334
0.18410146
-0.12457281
-0.06884636
0.03784562
-0.09196647
0.09687624
-0.02205850
-0.03236772
-0.16541255
-0.02431740
-0.08822805
0.01496998
-0.00097819
0.14973474
-0.07568731
-0.02583527
-0.05156861
0.02292117
-0.04682690
-0.00762662
0.03058076
0.00456090
-0.00048993
-0.02082027
-0.04412369
-0.06983365
0.02291624
0.07471483
0.01419447
-0.00522431
-0.01996069
-0.01221600
0.13502359
-0.08386014
0.09522235
0.02734129
0.04745926
0.07490900
-0.00819736
0.10008819
-0.12521371
0.02857932
-0.07750914
-0.07077876
-0.13632309
0.07566176
0.04987991
0.10932697
-0.15867758
-0.03835523
-0.14211877
-0.04090816
-0.05119488
-0.13440546
0.03768016
-0.14290760
0.03553300
-0.04740707
-0.02738260
-0.02279301
-0.11023649
-0.00996267
0.01505433
-0.07211372
0.00681758
0.01879109
-0.16907768
-0.02580275
0.00493678
-0.01567786
-0.08627597
-0.08927578
-0.01494383
-0.02839953
-0.06806243
-0.09115896
-0.01625634
-0.06100007
-0.01486151
-0.04346384
-0.00826771
0.00147028
0.04712959
0.00522408
-0.13080235
0.07860215
0.02534055
0.04714083
-0.09468349
0.00268554
-0.03273512
0.02281899
0.01423880
0.01475044
-0.04987202
0.08840869
0.08042365
-0.03853098
0.14349982
-0.11780737
0.04179370
0.16301180
-0.11311062
-0.00337047
0.22420157
0.00155538
0.10823119
-0.00016642
0.10630991
-0.01491280
-0.07070439
0.26537994
-0.07773368
-0.03304487
-0.06907286
-0.01052982
-0.11441115
0.05387809
-0.04405843
0.01566802
0.08375770
0.03048075
0.05010077
-0.02964232
-0.00363724
-0.03243853
-0.04324969
-0.05042079
-0.12652606
0.04502866
0.18987510
-0.14507408
-0.12578814
-0.15865973
-0.07565904
-0.08005572
0.20418514
0.03604346
-0.01279262
0.02276184
-0.00285946
-0.01990067
-0.07658955
0.03565709
0.03464439
-0.08945545
-0.03821151
0.35430866
0.03078223
-0.08673937
-0.13149354
-0.02762980
0.06634203
-0.07662965
-0.00581981
0.07419296
0.04498453
-0.03373478
-0.01494866
-0.02806693
-0.11095273
-0.07001748
-0.00816306
-0.03857177
-0.05009423
-0.11706693
0.00263977
0.10209857
-0.04616699
-0.02600352
0.04735881
-0.00287279
0.14047141
-0.06733496
0.09251121
-0.03000211
0.21329048
0.05005623
-0.13755378
-0.03578084
0.04043650
-0.03972392
0.02723054
0.09579050
-0.09294542
0.02256759
0.00907350
0.04946232
-0.04712401
0.16241993
0.07337251
0.01853693
-0.04448503
-0.02096009
-0.05615130
0.03968328
-0.03019019
-0.11918979
0.02985746
0.05366183
-0.04771216
0.00755589
0.11820791
0.24383891
0.02830092
-0.01643956
0.14525603
-0.01878230
-0.03598585
-0.01200276
-0.01119556
0.00385947
0.04078496
-0.01263095
-0.02306920
-0.11478968
0.04608181
-0.08579308
0.05619021
-0.04149319
-0.17479029
-0.09172089
0.02203343
-0.20745373
-0.03206005
-0.02795479
-0.14712286
0.20708799
-0.03640931
-0.14533429
-0.06303328
0.04605922
-0.13908195
0.02773023
-0.06102243
-0.04886457
0.11948308
-0.06646515
0.09171768
-0.13646081
-0.08342397
-0.02833228
0.09332366
0.00550414
0.01866054
-0.07119864
0.00648583
0.05877009
-0.10930596
-0.08216914
-0.08342723
-0.04804522
0.07218976
0.04524310
0.06707942
0.21108598
-0.00218106
-0.03107720
-0.12341018
0.06837884
0.08711843
0.09119149
-0.02529663
0.10716353
0.16987224
-0.07552715
0.07282465
0.03193990
-0.04177713
0.19582416
-0.05793769
-0.00807273
-0.04025559
-0.01976694
0.04684540
-0.17910288
-0.01341346
-0.08703156
-0.09209087
0.04615310
0.03369811
-0.04791158
-0.01880217
-0.00968302
-0.00627706
-0.02587806
0.06334602
0.08421619
-0.04581890
-0.01839695
-0.02581413
0.18354473
-0.01208631
0.01060515
-0.01942427
0.10732010
0.00274483
0.00173287
-0.09433875
0.08851080
0.01824689
-0.05919930
0.02822386
-0.06372632
0.13689330
0.02896554
0.08992740
-0.04432080
-0.03749423
0.13341878
-0.00369443
-0.05260378
0.02219876
0.00524723
0.26991260
0.05558278
0.11135341
-0.06135752
0.02669842
-0.00757110
-0.01670551
-0.04523690
0.06825409
-0.03422146
-0.05905994
0.30329832
0.02063563
-0.03950761
0.05424346
0.02073733
0.00129495
-0.10136108
-0.03026540
0.23906867
0.04669840
0.03676782
-0.03344937
-0.02953254
0.05417543
-0.13892359
0.11582701
-0.05141315
-0.02344427
-0.12324813
-0.09247091
-0.08466515
-0.06524894
0.02482959
0.03182215
0.05653751
-0.01904281
0.01825969
0.09738057
0.00334526
-0.02529884
-0.03236955
-0.07035031
0.08203521
0.06904078
0.02643121
0.00387068
0.00362097
-0.03801906
-0.04033336
-0.02389919
-0.05596013
-0.10726264
0.02461823
-0.02818866
-0.10958862
-0.09706662
0.05089092
-0.02397238
0.06469141
-0.03257801
0.04641950
-0.01419806
0.07784140
0.06395890
0.03181779
-0.02999843
-0.01816077
-0.05905860
-0.00855114
-0.13447715
0.10422533
0.07304911
-0.04410130
0.06813946
-0.09737002
0.09983693
-0.02955757
0.24378785
-0.00397050
-0.15149856
0.02844984
0.01494999
-0.06397108
-0.00352199
-0.05294181
0.06188307
-0.04770868
-0.02630866
0.04018916
0.08827086
0.00168543
0.00817352
0.02899203
0.01667237
0.12412355
-0.03312346
0.00596979
0.02571959
0.04743865
-0.06646577
0.00544397
-0.01144792
0.00386684
-0.08126780
-0.00484737
0.10328393
0.03488642
0.02681985
-0.17879850
-0.02953658
-0.01655479
-0.07323677
-0.04155312
0.12039147
0.02927646
0.11191677
-0.07334717
0.22199899
-0.03341895
-0.07415459
0.01991474
-0.05043207
-0.07341304
0.00692336
0.08267900
-0.01335589
-0.04071249
0.02153066
-0.05725221
0.01953037
-0.15277171
0.02628455
-0.05093295
-0.02611734
-0.02065596
0.22512250
0.01926094
-0.07607718
-0.02027154
0.14379545
-0.02994480
0.19279434
-0.01244766
-0.06890041
-0.02538957
0.05638579
-0.04893464
-0.04178303
0.09700289
-0.01164681
-0.04991955
-0.08110294
-0.07907639
0.10035729
-0.06766082
0.02066795
-0.13132778
-0.01604407
-0.12449255
0.22644897
-0.09124873
-0.18974216
-0.10058769
-0.01480213
-0.13636805
-0.02199528
-0.04052111
-0.11489248
0.16577911
-0.10958229
0.15791622
0.03006015
0.02821877
-0.16758743
-0.03382731
-0.03785292
-0.03164249
-0.00414228
-0.05282001
0.13218929
-0.06200751
0.00646671
-0.10359709
-0.12571268
-0.04977626
-0.01936544
-0.04500157
-0.05976656
-0.04468474
-0.06536131
0.02531196
-0.08185606
0.12852935
0.02176121
0.00194492
-0.01302685
0.05041064
-0.01010540
-0.09087145
-0.15249130
-0.04409211
-0.06741889
0.26487949
0.12719950
0.20500730
-0.01670072
-0.07389468
-0.05925565
-0.00256623
-0.03483316
-0.06995549
0.09813997
0.03925223
0.10825811
-0.10567952
0.03904667
-0.18579482
-0.05435170
-0.01557502
0.15125141
-0.01114807
-0.03300954
-0.04586986
-0.04572283
0.01894027
0.03536027
-0.04619379
0.07200153
-0.00563530
-0.05946524
-0.09077778
0.05889476
0.05157993
-0.17244807
0.04204741
0.04793239
0.00654020
-0.03823564
-0.00888027
0.15114337
0.07334415
-0.10063004
-0.03136745
-0.03005501
0.05709983
-0.02237035
-0.01933276
0.18260820
0.01118196
-0.10617840
-0.02469371
0.00300177
0.03359078
0.01314107
-0.02306955
-0.00340066
0.06789041
-0.07083867
0.12917447
0.02322585
-0.06614354
-0.01697608
-0.05265775
-0.17070363
-0.04018684
0.22300157
-0.11328828
-0.06317891
0.18023109
-0.07922757
-0.02509502
-0.09225870
0.12416438
0.01902693
-0.03810094
0.04862610
-0.08425578
-0.03094830
0.00509519
-0.11056277
0.06726039
-0.10749260
0.08285363
-0.04446964
0.25278759
0.07995685
0.03694133
0.00787244
0.04324554
-0.08235846
0.03712988
0.04812966
0.12322579
-0.01973219
-0.01629830
0.06304286
-0.07610806
0.18186729
-0.07942719
0.06442542
0.01493143
-0.04151713
0.03495949
-0.06866003
0.00663010
-0.02138915
0.05348390
-0.02130405
0.09031890
-0.02256024
0.20048146
0.04631130
-0.02507116
-0.02084116
-0.02333714
-0.06845385
-0.03647205
-0.02230211
0.04667317
-0.11504135
-0.07478202
0.00291960
-0.00376026
0.05682860
-0.00290168
0.07527495
-0.10236611
0.15135047
0.22106339
0.03092351
-0.07490880
-0.01092081
-0.03405465
-0.20733491
0.07818398
0.10186805
0.01926483
0.03853254
0.02353054
-0.00313389
0.00144950
-0.02568609
0.09269723
-0.01743230
-0.08996165
0.01891335
0.16008182
-0.14514564
-0.04038083
-0.00163402
-0.03697289
-0.00690864
-0.04989766
0.08277332
0.01890302
0.02375033
-0.01198276
0.15786453
0.16132604
-0.01010722
-0.13986985
-0.05571497
0.01785942
-0.04489586
-0.00603406
-0.06401337
-0.03639866
0.02165567
-0.10156273
0.02656985
-0.07144836
-0.02639676
0.09247052
-0.11183830
0.00126271
0.13181773
0.03061018
-0.09460128
0.16171618
0.03562281
-0.15255149
-0.06875824
-0.00402159
-0.09110529
0.04451966
0.11605098
-0.06168174
0.01922051
0.03990642
0.03221077
0.02528456
0.10952237
0.00556635
-0.06927699
0.12112304
0.06045354
-0.00206124
-0.06057496
0.01405318
0.05940977
-0.07158960
0.01986137
-0.05260256
-0.06256516
0.10843752
-0.01064982
0.01303126
-0.15561758
-0.14563325
-0.03199194
-0.02119409
-0.02614730
0.10877123
-0.05043693
0.24786277
-0.07579946
-0.05259458
0.33813259
0.15766038
-0.05092885
-0.04056855
-0.13935688
0.01908349
-0.04878919
-0.02139258
-0.00224370
-0.12029379
0.09142864
0.00399083
0.12128464
0.02938059
-0.00356661
-0.03878148
-0.05111592
-0.05823437
0.01180651
-0.14385517
0.18123057
-0.05822669
-0.05864667
-0.05176891
0.16851197
-0.12659851
-0.10006932
-0.02844913
-0.04769367
0.00965724
-0.15584679
-0.08919469
-0.04371599
-0.05650348
0.01257175
0.01263749
0.17749587
0.17118369
-0.23373789
-0.09912562
0.16115117
-0.04037432
0.01163289
-0.02617992
-0.05074408
-0.07736535
0.02044672
-0.01693152
0.03962319
-0.10489836
0.02194727
-0.02001960
-0.01554043
0.10943279
-0.02700330
0.14244175
-0.02612523
0.03394334
0.13180600
-0.04175190
-0.06406908
0.01575389
-0.00725193
-0.03726717
-0.08088582
-0.00937368
0.03417997
-0.04031595
-0.04190443
0.03126398
-0.03497002
0.08496495
0.08496796
-0.02716021
0.02944740
0.15127625
0.00498784
-0.02901362
0.07197689
-0.08384200
0.10639954
-0.06435215
-0.04784723
0.06717680
-0.11482199
0.03097698
0.12958457
0.03249080
0.08705324
-0.08165821
0.00927656
-0.16070889
-0.05228746
-0.04100129
-0.06390820
-0.01782418
0.05022407
0.26154375
0.02097741
0.07188004
-0.00411176
0.09717057
-0.17935687
-0.00283859
0.08914962
-0.04087896
0.01074805
0.14243825
-0.02854079
-0.04920213
-0.04793306
-0.04915102
0.03942624
-0.03569193
0.07451969
0.09354564
-0.05149422
0.05061378
0.05546674
-0.09987336
-0.09663989
0.15128174
0.03321982
0.17899956
-0.03957311
0.17175883
-0.05646988
0.05451186
-0.00522772
0.18666066
0.02104762
-0.16966698
-0.04655041
-0.00070233
0.00839341
-0.03563025
0.20497356
-0.02754424
-0.00104538
-0.01517705
-0.06456058
0.02690257
-0.04605573
-0.14752014
0.17191727
0.02165108
-0.02003229
-0.08332153
-0.06753540
0.17211486
-0.11018598
0.01959668
0.10146671
-0.01439271
0.06616081
0.00149000
-0.09979877
-0.11271820
0.12911370
-0.03383323
-0.01730795
0.19490303
-0.04923585
0.10929132
-0.13195281
0.06281159
0.04942325
-0.01692192
0.09304035
-0.19192855
0.04028297
-0.02504477
0.16151573
-0.03543049
0.14436220
-0.02641370
0.00236789
-0.04811012
-0.01230505
-0.03824466
-0.02183183
-0.05153690
0.01650844
0.01670673
0.03456574
0.06083896
-0.04499435
-0.03114034
0.10434931
-0.05633239
0.01573835
-0.04926459
0.00852253
-0.01087218
-0.05558139
0.14378330
-0.07198695
0.21548547
0.01913807
0.04639703
-0.00995170
0.02002467
