shape=[16, 9]
-0.10067739
-0.06328817
0.00223515
-0.03052070
-0.00880514
-0.02491566
-0.11589589
-0.01088287
-0.03339544
-0.06341917
-0.44534907
-0.35060191
0.09149270
-0.85030919
-0.61665702
-0.32202664
-1.12176037
0.27031124
-0.39356250
-0.28925985
0.21646012
-0.54775286
-0.71450973
-0.78422582
-0.54099357
-0.66027933
-0.43294081
-0.12249798
0.02634659
-0.28655741
-0.09847383
0.06998465
-0.00306737
-0.11313770
-0.07688248
-0.10737851
-0.20091075
0.32338807
-0.77873981
-0.98897725
-0.64598095
-1.24765217
-0.31368116
-0.37297428
0.28252327
-0.90544534
-1.24160421
0.47121450
-0.86622840
-1.83071923
-0.51121932
0.91456020
-0.66226667
-1.52579641
1.86805069
2.51418686
3.21983957
0.23155086
1.21211433
2.38450646
5.94243479
2.08258080
2.06860042
-1.31748664
-0.99959236
-1.75073040
-0.92966294
1.20723510
0.82628405
0.06826475
-0.67091507
-0.99196213
-0.34367236
-0.39761060
-0.06143529
0.05296109
-0.04375411
0.11109442
-0.12048700
-0.58693284
-0.36854550
0.37728968
-2.02758694
-0.55244410
1.07599628
-0.55895394
0.75220674
-0.48582023
-1.00388384
1.08850002
-0.08532762
-0.33043391
-0.05963726
-0.04158147
-0.31532973
0.07575154
-0.26397249
-0.16698870
-0.12949176
-0.26922947
-0.27246568
-0.63034362
-0.20939527
0.07904839
-0.15810177
-0.17790334
-0.03227803
-0.02670834
-0.44558123
-0.37868765
-0.60917264
-0.15347770
0.36017877
-0.06826761
-0.07231223
-0.42086416
-0.48262742
-0.15795355
0.00655155
-0.34542194
-0.22331259
0.19554065
-0.00670539
-0.15329178
-0.23332585
0.00120829
0.32427672
1.12557793
-0.52667761
-3.48914051
-1.40816319
0.57911295
-0.39256883
0.37069690
3.39814925
-0.91689456
-0.88783765
-0.45897916
0.07913546
-0.97940463
-1.49630630
-1.33455408
-1.29776096
1.02530801
