shape=[256]
0.15525961
-0.15431587
-0.09463244
-0.09411179
0.04414875
-0.09023479
-0.05279271
-0.01797858
-0.20212924
-0.08044688
-0.00927603
-0.13384211
-0.01975223
-0.19839512
-0.07098107
-0.09051068
0.12330885
-0.03503630
-0.26104653
-0.10292476
-0.06532478
-0.15755893
-0.24735470
-0.18999393
-0.00699446
-0.01014077
0.10861024
-0.02982491
0.38105324
-0.04338885
-0.01311596
-0.07409377
-0.10380948
-0.33630839
-0.01731183
-0.01622128
-0.01502253
-0.03453099
-0.01645614
-0.01944318
-0.03996371
0.66290337
-0.02978277
-0.04773528
-0.16001853
0.16223571
-0.01136972
0.17703824
-0.03334321
-0.01262104
-0.02212100
-0.02427026
-0.12344270
0.00930339
-0.03562948
0.01485154
-0.00874097
-0.04321552
-0.08803846
-0.06368082
-0.38523090
-0.05926529
-0.11720510
-0.08903900
-0.11266385
-0.01262577
-0.22959459
-0.10306548
-0.04434208
-0.08100940
-0.00551381
-0.04206486
-0.18785563
-0.06491832
-0.00929307
-0.04571311
0.15029794
-0.22765607
-0.03858137
-0.02583903
-0.13714787
0.01243908
-0.02823284
-0.16168118
-0.11080267
-0.00351075
-0.13061130
-0.04165047
-0.04013106
-0.02542127
-0.01006080
-0.01635285
-0.15984568
-0.00717535
-0.05630292
-0.07294414
-0.02036557
-0.02405581
-0.09090568
0.06540055
-0.02898966
-0.15526570
-0.04964727
-0.15350619
0.02149732
-0.15628207
-0.15901959
-0.15179519
-0.06577829
-0.04518526
-0.08609565
-0.00325302
-0.00521202
0.21787308
-0.05830923
-0.07984611
-0.02349636
-0.24669531
-0.05042341
0.22511680
-0.15411188
-0.02635370
-0.07015305
-0.20298801
0.01249431
-0.16812585
-0.01769638
-0.15379751
-0.03668083
-0.09574141
-0.04895324
-0.02173604
-0.02551059
-0.01411116
-0.02073516
-0.03049469
0.26977238
-0.08001678
-0.04905374
0.14377959
0.01053218
-0.44786358
-0.09438448
-0.06138372
-0.01072197
0.00031212
-0.01309206
-0.08018881
-0.14604987
-0.28164625
-0.26348040
-0.01219647
-0.01963384
-0.06489204
-0.04843530
-0.29381078
-0.03495596
-0.08742817
-0.06594012
-0.09598991
0.06565051
-0.00430535
-0.02779036
-0.03333940
-0.05422700
-0.10443305
-0.19347861
-0.07314894
-0.05498660
-0.08793525
0.44616711
0.11167310
-0.09849595
-0.11086775
-0.22742502
-0.31822863
-0.07527259
0.31594563
0.00678882
-0.11335652
-0.01730669
-0.12336037
-0.03131316
-0.02310275
-0.03611023
-0.08383012
-0.02179464
-0.19137444
0.00013676
-0.09938511
-0.07431714
-0.05685684
-0.07983486
-0.02513998
-0.07627810
-0.20495424
0.27479425
-0.06065885
-0.00738721
-0.08948807
-0.06172955
-0.29148889
-0.05276316
-0.00476411
-0.04276895
0.08074827
-0.05202316
-0.07935977
-0.23226385
-0.08096438
-0.06503636
-0.00563557
0.05061872
-0.12107289
-0.08657872
-0.02384501
-0.03717246
-0.10811597
-0.07081852
-0.17501590
-0.03082603
-0.04396104
-0.18477137
-0.04344163
-0.03875038
0.22152551
-0.04796103
-0.02199768
0.06400849
-0.02297828
-0.07665552
-0.10429790
-0.07904780
-0.48441258
-0.13530572
-0.01781876
-0.46262610
-0.06556212
-0.15240802
-0.15059683
-0.03277114
-0.14405786
-0.00157903
0.17009632
0.12108101
-0.14676630
-0.12911966
-0.05512391
-0.06117798
-0.17177163
-0.33401293
-0.04730360
-0.03971598
-0.20130219
-0.06206284
-0.24567111
