shape=[10, 128]
-0.06750312
-0.29286182
0.07260297
-0.01468275
0.02210828
0.19906622
0.09397783
0.52299511
-0.21225183
0.04961799
-0.10930382
0.05693835
0.15905192
-0.17444281
0.07593152
-0.22501132
-0.10245393
-0.08914217
-0.15367389
-0.26650679
0.01216677
-0.15958405
-0.14849503
0.08408666
-0.13514437
-0.17432263
0.05775841
-0.17853218
-0.17558448
0.13204345
0.02451723
0.27345881
0.15640844
-0.25115481
0.05933594
-0.32156998
-0.23854721
-0.11580496
-0.16031155
-0.05606818
0.03469713
0.04067809
-0.10922532
-0.19664735
-0.11801253
0.02164575
0.30289245
0.41871265
-0.19146737
-0.15308468
0.44330063
0.00371293
0.25550112
-0.26001328
0.31159970
0.42928505
-0.19136344
0.36164919
0.05014534
-0.23195760
-0.07042883
0.07883566
-0.16360031
0.75649428
0.13251375
0.20864069
-0.23170429
-0.22374365
-0.15156253
-0.00423833
-0.09690298
0.18124558
0.16055208
0.14318031
0.15735717
0.03727255
-0.14259848
-0.10489985
0.22275881
-0.10863546
0.15699908
-0.12962845
-0.07503672
0.24299040
0.06770362
0.14964925
0.10095825
-0.03834780
-0.25443128
-0.24079496
-0.05359343
-0.18825912
0.08757238
0.23267440
0.03419165
-0.07648189
0.25229660
-0.07693281
0.32304183
0.13242292
-0.28561845
0.09874830
-0.17974503
-0.33746928
-0.31465939
0.33076775
-0.01424296
-0.36125031
0.00879685
0.03179483
-0.22572026
-0.05488259
0.05447836
-0.11170582
-0.01860502
0.17561130
-0.18451363
-0.03183420
-0.01888975
0.16497110
0.05152916
-0.39498112
-0.26216260
0.00108297
-0.39406773
0.07573685
0.22891527
-0.07816992
-0.24902539
0.95754838
-0.00267475
-0.17902860
0.04563462
-0.12041518
-0.08427270
-0.20654021
0.29392472
-0.23995161
-0.01466251
-0.25261039
-0.14509048
-0.14587949
0.15296756
0.58122706
-0.04860418
-0.16053981
-0.19502310
-0.48469672
0.03371128
-0.04325920
-0.02717843
-0.20825979
0.10790596
-0.45563519
-0.35230583
-0.35295928
0.10469446
0.06679906
-0.13739534
-0.13247681
-0.17266521
0.00788774
-0.13586164
0.19474633
-0.18766969
-0.22994484
-0.04723639
0.00231651
0.15242615
-0.24963392
0.10163048
0.42867219
0.45316491
-0.04655096
0.11241634
0.23538686
-0.06401178
0.40243831
0.05907619
-0.29708499
-0.05681967
-0.23601933
-0.22631223
-0.00632376
-0.13704483
-0.09213418
-0.29005030
0.19357394
-0.01755520
-0.10039775
-0.19318399
-0.02044643
-0.04298028
-0.04869805
-0.32514000
-0.24497063
-0.43002883
-0.10897423
-0.08712399
0.00699266
-0.15903872
-0.07128826
-0.02958787
-0.07612997
-0.22896200
0.34278759
-0.23195255
-0.27052113
-0.18618378
0.55932438
0.10191226
0.05349682
0.19118287
-0.22635594
-0.00663408
-0.11669168
0.21146131
-0.01710230
-0.03325706
-0.13646144
-0.20025195
-0.07592619
-0.15442221
-0.12853703
-0.51465482
0.02395380
0.09092785
-0.30857062
-0.22696844
-0.40988460
0.22736654
-0.09964031
-0.57295543
-0.11278333
-0.05234703
-0.00661011
0.05425463
-0.24464589
-0.24514322
0.37435326
0.29891479
-0.04103000
-0.17636393
-0.13633251
-0.27752629
0.28668526
-0.09897668
0.06472487
-0.25530893
0.00991906
0.08659974
0.03364922
0.12828514
0.07515438
-0.34226996
-0.10312252
0.27668044
-0.03929072
-0.04994236
0.08151533
0.33378783
0.07814010
-0.10782500
0.55769825
-0.18463151
-0.02328172
-0.02656389
-0.01314256
0.16631930
-0.15626368
-0.17013262
-0.30964854
-0.19268343
-0.20389950
-0.06695492
0.67942744
0.31140816
-0.16754350
-0.01877134
0.10200611
0.26823369
-0.12110996
-0.19185381
-0.38603425
0.02322374
0.20188339
0.00978383
-0.02270917
-0.33338284
-0.19535133
-0.31171158
0.36931881
-0.22884378
-0.12420158
0.37262112
-0.26969713
-0.16692416
-0.08112767
0.23855485
-0.42193243
-0.23856562
-0.08367649
-0.10084520
-0.09250568
0.11463109
-0.07887376
-0.04769629
-0.06321508
0.07642850
-0.01024610
-0.13568065
0.32280877
-0.27088398
-0.05198698
-0.21210061
0.29279983
-0.10579319
-0.25091711
0.17233551
-0.09500650
-0.37687346
0.08237895
-0.20758680
-0.55040413
-0.04143818
0.02702519
-0.09921197
0.47064021
-0.04600778
-0.02405845
-0.25132939
-0.27801380
0.09956033
0.39383736
-0.00989347
-0.25325990
-0.00826735
0.05949869
0.10255192
0.12371030
0.29341167
0.27027556
0.37260932
0.19013464
0.33785492
0.17750251
-0.17461930
0.22431618
-0.33475772
0.13884869
-0.25096142
-0.00398228
-0.14777042
0.30702823
-0.04046281
-0.34562156
0.18721654
-0.25672096
-0.17094290
-0.07225162
0.84006435
0.12186792
0.03193108
-0.44956720
0.44610819
0.17512019
0.06245395
0.02272306
-0.28224927
-0.34356433
0.07282775
-0.00938681
-0.41325536
-0.02912702
-0.03726822
-0.07698864
-0.06717352
-0.25638154
-0.11361234
-0.05795626
0.47235805
-0.01750382
-0.07541122
-0.15391468
0.13338184
-0.10666737
0.19373794
0.48780841
0.26867956
-0.30318609
0.02117436
-0.19702876
0.03052483
0.12674050
0.02201087
0.16595037
-0.08863525
0.02750907
-0.13955368
0.15037097
0.34489533
0.32598281
-0.12436096
-0.01319081
-0.37241399
-0.16897377
0.20430119
-0.24429896
0.01488591
0.21573813
0.00868065
-0.20233023
0.08765825
0.04616744
-0.03145145
0.10356904
0.60883605
0.22073394
0.17501341
0.27407929
0.31286198
0.06277511
0.44889823
-0.15698493
-0.18637452
0.25371236
0.00113721
-0.24903224
0.32832596
0.07131595
0.00232822
-0.10060529
0.49037409
-0.26285011
-0.11757299
0.44916087
-0.13732848
-0.12165373
-0.35791606
0.04512788
0.00670779
0.30376390
0.37493494
1.24737179
0.00568889
0.44203365
0.14929193
-0.03616561
0.34970728
0.08198564
0.24264732
0.19871941
0.10136040
-0.28798312
0.00354424
-0.15547048
-0.27615285
-0.38028497
-0.10614394
-0.08547486
-0.17867656
0.01304946
0.31079894
0.16227818
0.10939279
-0.02781556
-0.01749531
-0.03870361
-0.17713112
0.03287843
-0.09207070
0.18592569
0.13942887
-0.07224155
0.04559883
0.05600521
-0.11299317
-0.10094379
-0.19088233
0.07135283
0.03060140
0.09965990
0.06047846
0.29027721
-0.04552761
-0.18176264
-0.09163829
0.11740965
-0.17050706
-0.11361650
0.08905540
0.28436291
0.16352727
0.26114091
0.03845739
-0.01764090
-0.04729650
-0.02628806
0.43394408
0.19178748
0.02807224
-0.07224614
0.04225071
-0.06691753
-0.19888283
0.54229599
0.10972679
0.17892060
-0.21585847
-0.34076834
-0.00752574
0.30049339
0.39401463
0.08948603
-0.07329862
-0.10874808
-0.38061142
-0.18368676
-0.09566434
-0.00860002
-0.11236129
-0.20307201
-0.01149483
-0.17703949
-0.01478243
-0.17763080
0.70920217
-0.09996949
-0.24405545
-0.26204166
1.21861219
-0.01092847
0.07235842
0.03780131
-0.05037718
-0.05337927
-0.12110373
-0.20391919
-0.16449900
-0.02792120
-0.07048534
0.05955985
0.03597994
-0.22425084
-0.04478821
-0.06974228
0.10184433
0.11618140
0.23360981
0.37313077
-0.48525992
-0.06747565
0.17580038
-0.27986598
-0.19376601
0.28236160
-0.24103126
0.00615600
-0.06733016
-0.06324765
-1.44512534
0.04114648
0.23658538
-0.32630706
0.03979133
0.53790259
-0.03234740
-0.28401601
0.06548784
0.05344221
0.30646214
-0.16435042
0.40451396
-0.21931244
0.23129486
-0.03163889
-0.21488662
-0.04139028
0.33087784
0.46893397
0.05422086
-0.03192974
-0.03768208
0.01428837
0.18139763
-0.16681054
-0.08235504
-0.11090938
-0.06522689
0.14086042
-0.29339728
-0.16009036
-0.01475383
-0.26227221
0.02872232
-0.14936568
0.15500222
-0.16930036
-0.02658498
-0.01810565
-0.02152064
-0.06208757
-0.00363470
-0.21432671
-0.02049829
-0.11269410
0.15104070
-0.00179421
-0.12330714
0.20872800
-0.15735474
-0.30765754
-0.08012485
-0.00174882
0.01713580
0.09391601
0.30444819
-0.01402966
0.08511818
-0.21792810
-0.06014865
0.15094566
-0.21378395
-0.05407745
-0.04344073
0.12039895
-0.15946029
-0.06224517
0.46771178
0.21191639
0.00071820
-0.02710190
-0.08423602
0.18252264
-0.14554000
-0.16283107
0.06984513
0.38855225
0.11687067
-0.01224244
-0.25854602
-0.21155424
0.01775233
0.23582911
-0.08958838
-0.12779328
-0.08229677
-0.89497298
0.21204087
-0.19481362
0.29488596
0.21705511
0.01978965
-0.09649818
-0.15028057
-0.21714994
0.38476884
0.40175083
-0.03698292
0.21589237
0.07727006
0.02399663
-0.33079448
-0.11362810
-0.02573984
0.30648592
-0.12937859
0.19259033
0.06163290
-0.18721901
0.28192201
0.06735140
0.47901767
0.12412198
0.22907628
-0.08675154
0.05546056
0.68909609
0.26894006
-0.13210291
0.22434118
0.11226694
-0.19667852
-0.10765928
0.06858528
0.05581690
-0.12146287
0.06906738
-0.26600280
-0.15605655
-0.14504039
0.38662931
-0.10178694
0.03561074
-0.16006623
-0.07280993
0.02261719
-0.17561120
0.03598429
0.08825997
0.12076693
-0.03798673
-0.02365142
-0.01500760
-0.41672322
0.23754612
0.19213600
-0.15415923
0.16049780
0.24429588
-0.01511751
0.16377527
0.06606969
0.11209135
-0.04560309
1.32503545
-0.31654349
0.15807742
-0.01968743
0.10028259
-0.07505234
-0.12698400
-0.15504289
0.05666578
-0.02613227
0.32785937
0.29082865
-0.23673442
0.15642640
0.02282165
0.16565312
0.02881925
0.86005813
0.04979525
0.22598770
0.01350178
-0.08021503
-0.05613504
-0.02088409
0.09927555
-0.10978657
-0.22397657
-0.28598604
0.01379273
-0.01605604
-0.05144411
0.02523367
0.04278551
-0.15034544
-0.04870504
0.03875922
-0.06346401
-0.12418078
-0.05090068
-0.11161408
-0.13746274
-0.38422218
-0.34058049
0.10602160
-0.01873219
0.55091405
0.39136669
0.00733186
0.01464777
-0.27618721
-0.15129888
0.02769455
-0.08662965
-0.01903350
-0.31512758
-0.34486008
0.08977111
0.02590209
1.00594985
0.11746462
0.29013488
0.53610313
0.00273105
0.03826387
0.04952384
-0.08610075
-0.17486416
-0.35628635
-0.02790733
0.12561807
0.40413156
0.12890106
0.27947807
-0.17655680
-0.14447972
-0.14063914
0.23174189
0.01837100
0.52611214
0.24071193
-0.48143980
-0.05423243
-0.03196516
-0.14642105
0.55390668
-0.13289762
0.01608623
0.08297954
-0.29469106
-0.03506232
-0.33223480
-0.12990583
2.09845972
0.17652310
0.45020279
0.05342705
0.06950254
-0.44280887
-0.05651593
0.05866040
0.06356803
-0.31533241
0.15166517
-0.22850399
0.04814079
-0.12503123
-0.23967977
0.68670720
0.30855614
-0.16974804
-0.24072294
-0.19988512
-0.16188064
0.10249685
-0.21719557
-0.19425300
0.29676452
0.98597145
-0.07247759
0.01701518
0.24734654
-0.01633521
-0.06104037
0.05629984
-0.43989262
0.40983403
0.06321912
0.04989854
-0.64998400
0.69378620
-0.03806269
-0.23840353
-0.18973473
-0.03659744
-0.11213338
0.19618663
-0.31601819
-0.15587457
-0.01828129
-0.09134642
-0.08318689
-0.34744397
-0.21613151
0.10594276
-0.26333466
-0.41803214
-0.01787740
-0.25707400
0.12437417
0.08917487
0.07525830
0.19667336
1.61090255
-0.18053898
-0.10819165
0.29628149
-0.11975992
0.05285708
-0.16048048
-0.00916275
0.53136909
-0.28306648
-0.08536231
-0.10567149
-0.06194261
0.01406388
0.47435057
-0.22157615
0.05446422
-0.15790637
-0.25849402
-0.08609795
0.18286996
0.09473334
-0.34121561
0.04235945
-0.05107412
0.36996037
0.14308532
0.15267281
-0.24829830
-0.10921574
-0.00413305
0.33425447
-0.30659735
0.09292312
-0.22325726
-0.03033120
0.03156404
-0.64350438
-0.17369214
0.06605691
-0.03255484
0.05926099
0.71234924
-0.17410928
-0.11054597
-0.21238545
-0.07599857
-0.56069630
-0.45383829
-0.00156344
0.26314005
0.34161997
0.08213148
-0.22652049
-0.00494881
0.20847473
0.40027216
-0.19859560
-0.20415883
-0.01107273
0.14595939
0.09591410
-0.02910694
-0.32758623
0.03426424
0.08842006
-0.10742092
-0.26131973
0.32120958
0.25341773
-0.10785505
-0.10318794
-0.07265437
-0.14455070
-0.02653360
-0.20575836
0.08828884
1.41245532
-0.03886794
-0.25951216
0.01013577
0.38990241
0.19435085
-0.31801558
-0.24550001
0.60998303
-0.00484320
-0.24507745
0.03488381
-0.32201278
-0.15994367
-0.02228486
-0.08015625
0.01885825
-0.13190947
-0.26871812
-0.25761771
-0.00515003
-0.10554121
0.17483766
-0.10427079
-0.00151241
0.04601452
0.26593396
-0.11798956
-0.03093277
-0.17863823
0.01791323
0.23032030
0.19587854
0.08303977
-0.10073439
-0.00908696
-0.15407728
-0.01095661
-0.51289302
0.07146999
0.05270797
-0.00186764
-0.14995278
0.30155012
-0.01318232
-0.00482761
0.04565235
-0.06141938
0.20326431
-0.24120310
-0.29885328
-0.44986576
0.19559282
0.27252200
-0.00223424
-0.27387777
-0.15580836
-0.04288208
-0.10018298
0.02005190
0.02500270
0.00213592
0.62723434
-0.05703333
0.03852137
-0.18581243
0.33836928
-0.20064415
0.34437561
0.02724200
0.00365589
-0.03659875
-0.07748583
-0.01784994
-0.36013287
-0.11640491
-0.28467673
-0.27477628
-0.20590645
0.49047223
-0.05496547
0.04147669
-0.29258659
-0.09369911
-0.11359042
-0.24208546
0.01613756
0.11980574
0.13209537
0.37010291
-0.16096690
0.07865968
-0.09945773
-0.01082875
-0.13845889
0.24515258
-0.02390233
-0.16401239
0.05457313
0.08143868
-0.03380452
0.09097610
0.01722428
0.02545266
-0.09176800
-0.01372480
0.27198750
0.48852590
0.30044520
-0.01781085
0.02486723
-0.59623992
-0.61979687
-0.12314363
0.16960406
0.20299374
-0.15903579
-0.32860669
0.17741039
-1.60094810
-0.40412730
0.01232033
0.43243718
-0.26692876
0.27461979
0.01842661
-0.00067813
-0.12996183
-0.09401868
0.10464888
0.01561702
-0.14393081
0.00859574
0.00459435
0.20709069
-0.31939602
-0.19975322
-0.10995116
-0.11677505
-1.25090873
-0.18546513
0.12983070
-0.06518053
-0.76913786
-0.21740611
-0.12240935
0.16607140
0.33362421
-0.17574844
0.55828458
-0.24232194
0.01078591
-0.11210545
0.33040974
-0.00129961
0.10520389
0.06230189
-0.52719271
0.47504607
0.00394289
0.07312102
0.23278926
0.10515902
0.36955962
-0.08043804
-0.23154424
0.12173780
0.24583779
-0.02715178
0.32344145
0.21697772
-0.13640076
0.13729760
-0.01520602
0.02334689
0.09374195
0.17492063
-0.09388048
0.18577820
-0.03713938
-0.04666345
0.34000909
0.02372496
0.22724929
-0.11780071
-0.03503258
-0.16000459
0.16975912
-0.18819463
-0.32728034
0.06747136
0.08659540
-0.06132132
-0.00764815
0.11111033
0.19055234
0.15936761
0.18171550
-0.03449472
-0.11896155
0.22100410
0.06081963
0.28909549
-0.00431872
-0.07352661
0.16075681
0.25054178
-0.12460791
-0.21536095
-0.11426185
0.24286996
-0.17521323
-0.09985986
-0.12295131
0.15886027
-0.09963161
-0.08693972
0.17821817
-0.07433047
-0.16642140
-0.03273669
-0.00913444
0.15375690
-0.11890283
-0.18046655
-0.08887736
-0.33608440
-0.00107057
-0.01751861
0.24602476
0.16727884
0.18075092
0.02527888
-0.07602206
0.18945321
0.61561912
0.03891776
-0.09756833
0.03391652
-0.18468928
-0.04931946
0.24126467
-0.25205719
-0.37075400
0.12065661
0.18747033
-0.10989188
-0.10984520
-0.13256879
-0.13165751
-0.19316562
0.72934914
-0.09018784
-0.02938901
-0.21386071
-0.49418831
0.52663213
-0.08475786
0.09242621
-0.00134165
-0.28173637
0.14220220
-0.14436600
-0.20592883
0.28614470
-0.06742303
0.28688538
0.07715253
-0.05514175
0.32572469
0.22945410
0.05699292
-0.16833998
-0.05858893
0.12151824
0.17335922
0.34907064
-0.21611403
0.38583833
-0.20606495
-0.21142399
-0.10208667
0.08436646
-0.19498742
0.05987190
-0.12715854
-0.25149569
0.45213518
-0.24604414
-0.30336213
-0.01928676
-0.38784266
-0.11114531
-0.11203286
-0.22863458
-0.17457439
-0.17601487
0.09464708
-0.08978210
0.13742690
0.07508302
0.07090767
0.43654335
-0.03732438
0.03531787
-0.23546441
-0.26573539
-0.49399611
0.40189224
0.54210800
0.34402618
0.32322598
0.12078609
0.01154268
0.15793367
0.03340316
0.03487367
-0.07297019
-0.00448057
-0.08302726
0.13384980
0.08015304
-0.33889130
-0.09310601
0.19911137
0.09867561
0.08925916
0.09409037
-0.18742460
-0.25449443
0.39910614
0.04898754
0.08506539
-0.08820660
-0.06081913
0.09270711
