shape=[128]
-0.06285522
0.45935395
-0.20439968
-0.14370452
-0.12665696
-0.37422481
0.02052172
-0.20257084
-0.19967334
-0.06795944
-0.02391818
-0.02587112
-0.08054385
-0.11979076
0.03828454
-0.11151575
-0.18358542
-0.04503560
-0.10692187
0.01179065
0.00207473
-0.08355708
-0.08040343
-0.03934053
-0.18314178
-0.13710311
-0.07190776
0.01078615
-0.03107984
-0.08265731
-0.09252373
-0.17108554
0.05053841
0.04876818
-0.07321035
-0.24615766
-0.07580360
-0.20904480
-0.07430752
-0.19801262
-0.34224930
-0.01113672
-0.08145282
-0.06912804
0.74154544
-0.04822889
-0.08924967
-0.30150777
-0.28635043
0.03619879
0.01640479
-0.10805655
-0.20676586
-0.10528245
-0.18247807
-0.14254420
-0.00566408
-0.01683707
0.14660649
-0.01365156
-0.24568766
-0.12866604
0.04711930
0.18605155
-0.30630484
-0.10247855
-0.15367644
0.08185992
-0.19948930
0.04457036
-0.27282739
-0.11576755
-0.49515986
-0.07712994
-0.05577170
-0.12422466
-0.10705790
-0.22119723
0.00088849
0.10173452
-0.19944440
-0.05309243
-0.09861434
0.21204473
-0.16063848
-0.08562279
0.03168719
-0.15968019
0.07444578
-0.01897685
-0.00979678
-0.21752305
0.23409097
-0.01734789
-0.14606759
-0.05141852
-0.15780517
-0.11447271
-0.29333749
-0.21402559
-0.01419817
-0.26226693
-0.12849668
0.18135698
0.14059536
-0.06726115
-0.08219872
0.19524616
-0.10272794
-0.01723916
-0.20474096
-0.09634737
-0.16835596
0.09199494
-0.14393076
-0.11147084
-0.09387581
-0.00722390
-0.06838357
-0.12739241
-0.11575256
-0.28731000
-0.13997848
-0.07623626
-0.12404954
-0.10293505
-0.16332905
-0.09240852
