shape=[16, 9]
0.09116483
0.10520454
0.14192115
0.07609182
0.09518196
0.10781132
-0.10735633
-0.03060533
0.06298921
-0.05220993
0.03592371
-0.03090404
-0.05171937
-0.03503476
0.00904466
-0.02805702
0.01166842
-0.03742202
0.17410713
0.07556302
-0.08707388
0.24371737
0.18421620
0.06790969
0.16553438
0.19598490
0.21206336
0.00407058
0.07768556
0.07878783
-0.04136604
-0.03967478
0.00146621
-0.05204943
-0.02450809
-0.05991047
0.17474701
0.17285259
0.06694114
0.16698314
0.08399382
0.01258098
0.00879910
-0.06271661
-0.06477549
-0.02521419
0.01755138
-0.01739713
-0.03814424
0.01092821
0.01649513
-0.01893584
-0.05835353
-0.04467929
0.10893720
0.07933509
0.12232995
0.07538339
0.04814165
0.08389409
-0.03050672
-0.05700600
0.04114550
0.00339263
-0.04631471
-0.00134655
-0.02816425
0.02234933
-0.03246317
-0.04803849
0.00646976
0.01296527
-0.00586852
0.01952868
-0.04318893
-0.04503571
-0.06301772
0.02044772
-0.03940158
-0.03982449
-0.05015075
0.06396013
0.10985539
0.07973803
0.11477591
0.22004642
0.25194925
0.09876420
0.12359755
0.25315055
0.13651979
0.03224798
0.10953896
0.11424783
-0.00041759
0.00836284
-0.06542553
-0.06313118
-0.02316018
0.07737689
0.02388714
-0.04573764
0.05184579
-0.00127458
-0.03941770
0.03344963
0.00330521
0.04935496
0.06629175
0.17167623
0.14801373
0.07471634
0.13516374
0.07393285
-0.05901781
-0.07741594
0.02811508
0.07468450
0.09043486
0.05831890
0.24073571
0.36470768
0.27316794
0.29182276
0.36441076
0.36155966
-0.08014825
0.07912038
0.22752759
0.01724444
0.28148669
0.30898082
0.10855134
0.34960410
0.30795929
0.01362788
-0.01258644
0.10578302
-0.02435588
-0.02413854
0.08973985
-0.03567567
0.06909411
0.01505032
