shape=[10, 128]
0.03588376
0.05142072
-0.02902490
-0.09868917
-0.03275341
-0.08711656
0.00565740
-0.01437412
-0.00982054
-0.07882924
-0.12433975
0.01400871
0.01774615
-0.03880138
0.02133238
-0.00929567
0.02734502
-0.01658002
-0.09925388
-0.03546844
-0.15545221
0.04841227
-0.02003882
-0.06201268
0.01954448
-0.00303383
0.17072068
-0.14757410
-0.04976631
0.08901118
0.05134431
0.04404318
-0.04659809
0.27495435
-0.04924861
0.02212128
-0.16862549
0.01781015
0.01628520
-0.09731440
-0.07906362
-0.03256135
0.00753225
0.02601197
0.11112919
-0.07401197
0.08227948
0.03545728
-0.03386976
-0.03412941
0.10354293
-0.14681448
0.00244685
-0.12305097
0.14693457
0.01881016
-0.08033214
-0.09320401
-0.13200538
-0.01267669
0.02592560
0.03848481
-0.04455402
-0.03922100
-0.02345365
-0.01863044
0.07269260
-0.02355592
-0.09082627
0.12385645
0.02153523
0.02795347
0.04289423
0.08661029
0.00900828
-0.11411432
0.01263083
-0.08334548
-0.02978243
0.14763486
-0.02252612
0.04214023
-0.02159479
-0.03309530
0.04589822
-0.09238893
0.08931980
-0.01329354
-0.07908191
0.10849449
-0.06517495
-0.01684316
-0.02901630
-0.09993374
-0.05339180
0.02308362
0.23060332
-0.06540088
-0.02758005
0.00993634
0.08003510
-0.02010758
-0.05764411
-0.03371216
-0.17308895
0.03798597
0.08707784
0.01018632
-0.06162551
-0.02318760
0.20449322
-0.06248393
0.02386514
0.00029046
0.00775776
-0.05770021
-0.00815847
-0.03689555
-0.08463824
-0.02786394
-0.10408967
0.09628655
-0.07252959
0.02959385
-0.00230438
0.04184161
0.11554439
0.05893078
-0.02747118
-0.04494204
0.06533659
-0.14954706
0.02364122
-0.04976766
-0.01003301
-0.03358361
0.08631838
0.10870531
0.05004815
0.00210130
-0.01330381
-0.05036550
-0.09718611
-0.03665590
-0.04726763
0.01233716
-0.04907562
-0.05070226
0.22342558
-0.12423041
-0.08032435
-0.07721505
-0.01601295
0.05614268
-0.21401292
0.08862522
0.11018135
0.00054439
-0.05573742
0.04230638
0.03241275
-0.09683284
0.04139914
-0.09484783
0.08293948
0.04807683
0.00161633
0.19008662
0.17426576
-0.01445076
0.13212687
-0.03855031
-0.03463991
0.11723284
-0.18428716
-0.02495290
-0.05142671
0.04025085
-0.12047829
0.10450818
0.04459580
0.10088338
-0.08078122
0.00328239
-0.05881409
0.00530091
-0.03160530
-0.01085815
0.02848682
0.00663340
-0.00837158
-0.01016596
0.07459774
-0.02434659
0.00969553
0.01315803
0.12631825
-0.10126119
0.02759037
-0.03764122
-0.02699723
-0.11854972
-0.09416579
0.11285777
0.01466038
-0.01079178
-0.09222480
-0.09324821
0.11622711
-0.00539254
-0.00820415
-0.01674801
0.00935997
-0.10250822
-0.02601997
0.09834947
0.06735628
-0.04228370
-0.01086085
-0.02490504
-0.04478882
-0.10854592
0.18996878
0.02846447
-0.12243250
0.13655391
-0.01019053
0.01123100
-0.01706431
-0.04323115
-0.12330909
-0.05033641
0.01388869
-0.06691997
-0.00630865
0.14596336
0.03650235
-0.13789912
-0.18341002
0.01174464
-0.04956999
-0.03284378
-0.01219210
-0.02710963
-0.01172627
0.01892743
-0.12045904
-0.00629672
-0.12549171
-0.13573737
-0.01229123
-0.03880376
-0.00626717
-0.04463084
-0.13370930
-0.06212221
-0.07499368
-0.08145645
-0.00845977
-0.05292108
-0.04679818
0.01488859
0.01484853
0.05015115
0.04529301
0.13729572
-0.00076783
0.25175238
0.03693772
0.09938550
-0.02578632
0.01782451
-0.02340540
-0.09070071
0.02122841
-0.00606432
0.06910311
0.08954221
-0.09165502
0.04284477
0.09794236
-0.01416410
0.14644687
0.05524580
0.05024314
-0.03786895
0.01145071
-0.02661544
-0.01614498
-0.06289766
-0.00782273
-0.01194842
-0.01671729
0.01643776
0.06277964
0.08409799
-0.09448192
0.00759054
0.02339758
0.02694979
0.09577491
-0.00274741
-0.09429959
0.01076386
0.05456759
-0.08574136
0.08752884
0.03323800
0.13830785
-0.11017592
-0.02209652
-0.03234889
0.11828183
0.03587704
0.08189430
-0.04228077
-0.01802384
0.03104584
-0.00517599
0.08310648
-0.02068049
-0.07321405
0.02829821
-0.05073260
0.20788145
-0.06014392
0.04871098
-0.00949465
0.10436361
0.03455853
0.05387144
-0.00225974
-0.01891059
-0.02667885
0.11532638
-0.01461008
0.08651814
0.03091909
-0.03377169
-0.04216954
-0.02687222
0.02426920
0.06715221
0.06857947
0.05969234
-0.01920812
-0.05143010
-0.01889903
0.12000701
-0.05311385
-0.08138525
-0.03384562
-0.05365860
0.01066171
0.00049694
-0.04525604
-0.03450580
-0.01919058
-0.08143117
-0.04892610
-0.12792392
-0.05277922
-0.07421136
-0.07275415
-0.01296483
-0.04255304
0.03970484
-0.07384209
0.07139190
0.07909454
-0.00021951
-0.04268113
-0.03734191
-0.16292702
-0.09761602
0.04552714
-0.08311921
0.11783068
-0.05131672
0.07793322
-0.01917007
-0.08020466
0.01085175
0.00783991
0.02025896
0.05525818
-0.08116592
-0.11221606
0.02131149
-0.08061566
-0.04981751
-0.01073752
-0.04319667
-0.10367558
0.21916738
-0.05132513
-0.01246514
0.07593443
-0.05109422
-0.00116787
0.01225135
-0.01120719
0.20492601
-0.01072248
-0.06840330
-0.00869016
0.23803101
-0.03187837
0.03420173
-0.02758986
-0.06271886
-0.02472471
0.11605453
-0.00232647
-0.03351869
0.04457293
0.01826065
-0.00242684
-0.02609966
0.14795536
0.19295770
-0.03738810
0.08150138
-0.02355634
-0.17302772
0.00127319
-0.14348735
0.01193356
0.06937390
-0.06791745
-0.01776621
0.02607096
0.04228337
-0.02666231
0.04287253
-0.11744493
-0.07298330
-0.05279261
0.04483012
0.02599175
0.04409436
-0.05561366
0.07600348
0.05051640
0.03051522
0.04627037
0.02245162
0.00441380
-0.01444661
-0.00704345
-0.01369184
-0.00404572
0.03217415
-0.04028094
0.01660862
0.02933325
-0.05643674
-0.07467918
-0.04994776
0.03084935
0.04784413
0.10151117
0.11581029
0.03501146
-0.04273712
-0.01899583
0.02566317
0.02291990
-0.04036640
-0.12607200
0.15319481
-0.00019099
0.02336443
-0.06744085
-0.08575408
0.02186603
0.04494147
-0.03429127
-0.11134090
-0.02771809
-0.07154444
0.02933937
0.03628225
0.00522619
-0.05221723
-0.02284733
0.11375025
-0.04229851
-0.03358229
-0.04223417
0.00064140
-0.05993187
-0.02504108
0.21053597
-0.10388880
-0.01799545
0.16387416
0.12056120
-0.01001971
0.15142483
0.00053079
0.09510624
0.04284646
0.03453073
-0.05784312
0.03626170
-0.02041973
0.12904549
-0.01992046
-0.08258205
-0.03072818
0.05708909
-0.03894174
-0.07013229
-0.01492800
0.10227441
-0.01566759
0.12671126
-0.02898110
0.00154894
-0.06613733
0.12872346
-0.07646319
-0.03504875
-0.02747788
-0.04184925
-0.04992575
-0.05069260
-0.02607505
0.04946310
-0.09361480
0.09367942
0.10421684
-0.06891537
-0.04629430
-0.04588976
0.05438511
-0.14618093
-0.02594184
-0.16515040
-0.07347399
0.01535332
-0.02017501
-0.01704011
0.08207393
-0.16326877
-0.04425016
0.00553062
-0.16464868
-0.04339419
-0.04650295
-0.02913750
-0.00455940
-0.01753667
-0.03007098
0.03232395
-0.03002284
-0.05337746
0.10944209
-0.03754167
0.04208214
0.02977009
-0.02923832
0.17088173
-0.03601041
-0.06289823
0.01819215
-0.01139780
0.13374779
0.15928568
0.08222935
-0.01258759
0.02898812
-0.04557665
-0.02884126
0.05646519
-0.06877340
-0.03725033
0.01425923
-0.01845955
-0.11723416
0.01042606
-0.03923553
0.04579111
-0.02869875
-0.00669755
0.09215895
-0.02968754
-0.05142167
-0.09614430
0.02761052
-0.01799674
-0.02116139
0.00743656
-0.00482066
0.02475007
0.00818252
0.25680467
-0.09950136
-0.01029161
0.10156278
-0.01731941
0.05037258
0.03544268
-0.05293768
0.13656017
0.01221770
-0.02923745
-0.06351755
-0.06747390
-0.03175553
-0.04658785
0.01213563
-0.00711709
0.04154450
0.00780275
0.17525396
0.07704291
0.01015319
0.01565115
0.01261871
-0.12302701
0.09060778
-0.07278080
-0.03015055
-0.09102196
0.02180677
-0.08956040
-0.00084661
0.07435644
0.15536501
-0.03129357
0.20929752
-0.02954250
0.11992504
-0.09201250
0.00322856
-0.01631879
-0.08508599
-0.10808156
0.03506459
0.14209054
-0.05694704
-0.09826937
-0.01816622
-0.05518377
0.01743903
0.04427101
-0.00889414
-0.04379565
-0.05643621
-0.12387923
-0.01238168
-0.06201354
-0.01708902
0.02560548
0.01289325
0.04930798
0.09251381
0.03271450
-0.09127646
-0.07603032
0.21658076
-0.01319681
-0.05259734
-0.01557547
0.03381475
-0.06295463
0.01847081
-0.02560686
-0.01037593
-0.03474957
-0.02943292
0.06746021
-0.00870352
0.14957495
0.12254160
-0.04911834
0.00746783
0.02993714
-0.02216565
0.01048434
-0.10648102
0.02420416
-0.03128569
-0.07466161
-0.02401089
-0.00990828
0.03321397
-0.06682180
0.01526154
-0.10835296
-0.04036106
-0.06589688
0.03445140
-0.02972637
-0.04401423
-0.06435474
-0.11865436
-0.02128128
0.01771177
-0.04767426
-0.06816400
0.01306043
0.02298897
0.04677011
-0.02615263
0.02081934
-0.10225570
-0.00264903
-0.03900051
-0.04878218
-0.02379915
0.02686285
-0.08487876
0.03546432
-0.00484931
0.04109441
-0.04173415
0.03223484
-0.01993458
-0.00545237
-0.01560591
-0.04617564
0.02402312
-0.04104195
0.05316414
-0.06838052
-0.05029552
-0.00731399
0.06668259
0.00139527
-0.02524320
0.01134227
-0.03854852
0.02373560
0.02740814
-0.08367527
0.04777582
0.05236272
-0.02159241
-0.03915887
0.03442651
0.04466644
0.06736095
0.00452797
0.10668524
-0.07972915
-0.03511539
0.15930779
-0.01698380
0.07497247
0.02163636
-0.05222830
-0.04395344
0.18096231
-0.04210760
0.12408075
-0.03950937
0.01338903
-0.02515209
0.01608768
-0.09916121
0.06252070
0.01534682
0.12387254
0.04478723
0.12904227
0.00704031
0.12052945
-0.09353636
-0.05725503
-0.08519825
0.03310281
0.01378697
-0.04403430
0.01678340
0.13230519
-0.10020611
0.00902129
-0.04610223
-0.02315180
-0.09322626
0.00829462
-0.04855245
0.05404859
-0.08011149
0.04690676
0.06463414
-0.07321472
-0.14913854
-0.02854456
-0.05184438
-0.02657892
0.10954701
-0.07009312
-0.06293533
0.00287131
0.06822894
-0.00387856
0.00794623
-0.07963350
0.00779808
-0.06521206
-0.02816035
-0.00238837
-0.05559901
0.13801758
0.17054197
0.01285310
0.11181981
0.04177795
-0.08140615
-0.08977689
-0.05103464
0.00265685
-0.04705570
0.07065196
0.04457425
0.04332095
-0.04231605
0.02148928
0.00231816
-0.01430052
-0.03758911
-0.01055853
-0.16168514
-0.03239956
-0.02325981
-0.04373068
-0.05096846
-0.02397444
0.01520997
0.06567954
0.01625576
-0.06198927
-0.11377154
0.10519802
-0.02476762
-0.04701121
0.10372334
0.18071701
-0.07177448
0.00346124
0.05543325
-0.13115925
-0.13531601
0.02640722
-0.06544778
-0.02863920
-0.02865397
-0.03018355
-0.01101655
0.19651027
-0.01309804
-0.03889976
0.01698445
0.03036782
0.09425891
-0.04057887
-0.08909037
-0.13754876
0.03286835
0.04011759
-0.01390388
-0.02137443
0.04628415
-0.07338686
0.07172900
-0.01447909
-0.12703158
0.04141536
0.27003390
0.15004033
-0.01074445
-0.00067695
-0.02552170
-0.16617787
0.17342483
-0.11772876
-0.10474338
-0.16254801
0.04866014
0.00698304
-0.00287208
-0.01085832
0.08573899
-0.01408267
0.04475311
0.08180553
-0.09201726
-0.05603598
0.03799405
0.08406491
0.18444839
-0.02657072
-0.08953182
-0.02709044
0.10723832
0.14378738
-0.02792627
0.10866239
0.03112786
0.01927077
-0.09180615
-0.10248416
0.22227348
0.17519002
0.03369097
0.08333340
0.11630533
0.04024946
-0.03081611
-0.09042230
-0.02255481
-0.06006352
-0.06998987
0.15446934
0.04071038
0.16187853
0.03186901
-0.14546190
-0.17661168
0.07099575
-0.02366572
0.03884959
-0.03829257
0.00875063
-0.00707609
-0.06532352
0.03794603
-0.16363738
-0.10320327
-0.03551064
0.11212717
-0.10175952
-0.11995350
-0.01097971
-0.07073808
-0.00031028
-0.08388560
0.17601439
0.00398093
-0.02977536
0.04071166
0.06558697
-0.09362426
0.10481255
0.19933410
-0.01357160
0.01819115
0.00258293
-0.07826814
-0.02944981
0.02740215
-0.02109946
0.02785519
-0.04337915
0.14906605
0.01778704
-0.03384101
-0.01332011
-0.01462140
-0.09157050
0.05395292
-0.03780185
-0.04192158
0.00765773
-0.06550189
-0.08819748
0.14895844
-0.02661019
0.00286064
-0.04450600
0.03070725
-0.05715410
0.02487950
-0.02377468
-0.03756620
0.02325075
-0.01506928
-0.06923991
-0.05916512
0.11792473
-0.05393925
-0.08159859
-0.06418410
-0.00504245
0.12572269
0.12351909
-0.01840981
-0.04986325
0.06321786
0.03553370
-0.03627577
0.04337341
0.05270734
-0.03030435
-0.01160956
-0.08094969
-0.22250566
-0.02294650
-0.06635622
0.09140640
-0.02246337
0.02382405
-0.14776199
0.03607319
0.00444599
0.08501936
-0.05647686
-0.18464558
-0.02131440
-0.13841367
-0.12187349
0.01827246
0.01355778
-0.09267951
0.11143186
-0.01703131
-0.01177071
-0.12914135
-0.05340870
-0.08205871
0.12620072
0.00141022
0.07720010
0.05838783
-0.02236443
-0.04446916
0.01391913
-0.00756459
0.11217988
-0.08554623
-0.10807928
-0.12256590
0.04015644
-0.05126608
-0.02535574
-0.04577293
-0.02041083
0.05927868
-0.01940548
0.04808634
-0.05791755
0.05803883
-0.02457567
-0.07527683
-0.02706853
0.21977128
0.07388805
0.23365851
0.05826196
-0.02221237
-0.04916355
0.01967451
-0.00232019
0.02179612
-0.02721075
0.08025487
0.14872381
-0.00839308
0.03911266
-0.01978140
0.14579830
-0.03998918
0.08849452
-0.04750098
0.04313552
0.13937482
-0.02305896
0.01388047
-0.04198049
-0.00029868
-0.07686076
-0.07627689
-0.03644897
0.10114894
-0.03218947
-0.03406850
0.00443471
-0.03657259
0.10172846
-0.01848444
-0.04906258
0.03875791
-0.04827599
0.00301757
0.05351506
0.03078364
0.03314117
0.16542798
-0.00507662
0.00837861
-0.03269173
0.00343350
-0.04300608
-0.01954586
-0.07813019
0.06482986
-0.04764879
0.10214084
-0.07842018
-0.03193557
-0.05292417
0.01338456
0.03464948
-0.03382353
-0.04832948
-0.09319758
-0.03154384
-0.08402631
-0.01707582
-0.02328109
0.12927955
0.03974037
-0.09346649
-0.01321521
0.00702749
-0.04305781
-0.06750518
0.06311253
-0.05177976
0.01757304
-0.04194472
-0.00187616
0.06618403
0.05214326
0.12139390
-0.02636962
-0.04375809
0.01998455
-0.04239837
0.09900276
-0.00940452
0.06479076
-0.04930962
0.09355864
-0.04961905
0.05586656
-0.02893537
0.03691868
-0.06907307
-0.02461424
-0.01158198
-0.06370065
-0.05575806
0.01983701
0.02749122
0.10518531
-0.05459233
0.09629565
0.06522094
0.00412932
0.15052445
0.14797425
0.08321610
0.06760336
-0.03524635
-0.04666072
-0.09167814
-0.10054900
0.04491655
-0.09066460
0.02753645
-0.06783597
0.05753361
-0.07493268
0.04342429
0.07964125
-0.04587634
-0.02638985
-0.11683066
0.02033373
0.09322684
0.13664047
0.01787544
-0.08955271
-0.05562998
0.04401428
-0.02763808
-0.01351859
0.08101553
0.03891623
-0.01399355
-0.04988535
0.01922945
-0.06677807
-0.09175187
0.00265859
-0.00656997
-0.11536647
0.07116541
-0.03673768
-0.05748671
-0.02172562
-0.00803532
-0.01467386
0.20855016
0.00126493
-0.02309953
0.09950954
-0.06738801
0.03591846
-0.09199564
0.13212578
0.00717849
0.00806942
0.01047129
0.01138343
0.06497855
0.03848651
0.04892671
0.00587779
0.05260592
0.02534983
-0.04124335
-0.03774425
0.05282735
0.06008881
-0.15092188
-0.00541511
0.00685813
-0.00114028
0.03618069
0.03463491
0.15058199
-0.05299202
-0.01476784
0.10791332
0.05571841
-0.02091178
-0.01305028
-0.00273395
-0.00213571
0.03478908
0.02196026
0.10312699
-0.04142078
-0.05122621
-0.09545971
0.02698556
-0.07851472
-0.03250816
-0.08216117
0.19498828
0.05804821
0.05467108
-0.04538868
-0.08792174
0.01361950
-0.03891859
0.03532973
0.04418766
0.16894956
0.11985576
-0.06606109
-0.02437817
-0.03989957
-0.01636490
-0.00889047
0.07916339
0.03436661
0.03806528
0.04006182
-0.01571223
0.06684054
-0.06604639
-0.02042315
0.06612436
0.13371412
0.00868611
0.05947490
-0.02529586
0.13151900
-0.04309202
0.00238711
-0.00231357
0.01233684
-0.10373886
