shape=[128]
0.00194512
0.01145892
0.04139460
0.01330006
0.00232204
0.02818060
-0.00382537
-0.00944394
0.00458953
0.01485079
0.02892588
0.00770393
0.00497482
-0.00333819
0.02118242
-0.01882515
0.00030888
0.00954581
-0.00484699
0.00536027
0.02050206
-0.00260454
0.00362553
0.03555603
-0.00145679
-0.00701968
0.00015195
0.01595907
0.00010630
0.01190805
-0.00166439
-0.00011554
-0.00523492
-0.00944647
-0.00091772
0.00187655
0.04164366
-0.00172999
0.00485994
0.03621526
0.00949434
-0.00191879
0.02957059
-0.00741765
-0.01464415
0.05736946
0.00966265
-0.01942797
-0.00656222
0.01035115
0.01634289
0.03767773
0.00325651
0.03946623
0.00698153
-0.00020678
0.00739466
0.03096230
0.03244644
-0.00517851
-0.00013861
-0.00690256
0.01303255
-0.00657482
-0.00268978
-0.00295330
-0.01379248
0.01705086
0.01145185
0.00047436
0.00018061
-0.01411991
0.01246237
-0.00100609
0.02250425
0.00519666
0.00133965
0.03648151
0.01575670
0.00011479
0.00678343
-0.01038107
0.00072198
-0.01275547
-0.00281015
0.01119566
0.01444261
0.02692972
0.02533052
-0.01489295
0.00683986
-0.00200014
-0.00021047
0.01664247
0.03004490
-0.01609025
0.00786908
0.01005252
0.00005436
0.00338174
0.01218398
-0.00031785
0.01621614
0.01660839
0.03803500
-0.00444331
0.00806713
0.03735322
-0.00413764
0.02961936
0.00358984
0.02246294
-0.01955812
0.01832461
0.00000920
0.00537712
-0.01969390
0.03986536
0.02542345
-0.00325488
0.01349094
-0.00880101
0.00628359
-0.00085281
0.00032301
-0.00740377
0.00075003
-0.00663964
