shape=[256]
-0.00026341
-0.00287491
-0.00876918
0.00004650
-0.00107455
0.01399537
-0.00039468
0.00077518
0.00891858
-0.00087532
-0.00158724
0.00104915
0.00890373
-0.00314312
-0.00151154
0.00624782
0.00076437
0.00018633
-0.00630210
-0.00088557
0.00436334
0.01489237
-0.00481068
-0.00236863
0.00045581
0.01308443
0.00438374
-0.00208384
-0.00168400
0.01397227
0.00150823
-0.00093554
-0.00119867
-0.00430005
-0.00032352
-0.00094447
0.00787885
-0.00107546
0.00348539
0.00253286
0.01255994
-0.00651102
-0.00223365
0.00805144
-0.00288365
0.00004241
-0.00455972
0.00416108
0.00663183
0.00193705
0.00111843
0.00103401
0.00676492
0.02060213
-0.00048736
-0.00059708
-0.00284559
0.00613644
-0.00057220
-0.00113412
-0.01077827
0.00240201
-0.00527309
0.00108886
-0.00022985
-0.00004791
0.00311698
0.00004548
0.01020418
-0.00015182
0.00525947
-0.00130527
0.00526459
0.01555482
-0.00521683
-0.00332380
-0.00070824
-0.00161907
-0.00623431
0.00076580
0.00009671
0.00409197
0.01034743
0.00361704
-0.00675825
0.00923661
-0.00010928
0.01167885
-0.00261387
-0.00021208
-0.00324011
-0.00697395
0.00104479
-0.00600811
0.00134438
0.00073053
0.01031197
0.00316891
0.01084832
0.00885386
-0.00355650
0.00238144
0.00330484
0.00084078
0.00562578
-0.00213905
-0.00099799
0.01198462
-0.00283553
-0.00369316
-0.01161984
0.00125930
0.00062736
0.00072069
-0.00071041
-0.00058165
-0.00142188
0.01120670
0.00173912
-0.00791983
-0.00008451
-0.00261776
-0.00695957
0.00126973
0.00132175
0.00205912
0.00526773
0.00422954
-0.00150397
0.00190119
-0.00434754
0.00138692
0.00022221
0.01066235
-0.00525319
-0.00200811
-0.00873479
-0.00012842
0.00116065
0.00470124
-0.00123475
-0.00862119
-0.00006310
0.01098166
0.01187652
0.00987826
-0.00010619
-0.00095534
-0.00686314
0.00120988
-0.00105306
-0.00337145
0.00294640
-0.00059152
0.00097471
0.01076375
0.00913529
0.00209248
-0.00059777
0.01742133
0.00071902
0.00397383
0.00642087
0.01323345
-0.00203823
0.01122001
0.01478037
0.00113216
0.00570657
-0.00535968
0.00843693
-0.00004240
0.00209536
0.00287033
0.00442425
0.01102570
-0.00448562
-0.00070501
0.00105801
-0.00643621
0.00570290
0.00251569
-0.00176030
0.00051293
-0.00088843
0.01223037
-0.00068998
-0.00213353
-0.00175959
0.00909004
0.00061242
0.00190634
0.00619362
0.00198023
-0.00372175
-0.00229391
0.00557225
-0.00063968
0.00531097
0.00523123
-0.00021207
-0.00416755
0.00034336
0.00535817
0.00047888
-0.00024447
0.00299664
-0.00401823
0.01191434
0.00574124
-0.00025564
0.00708513
-0.00320471
0.00612119
-0.00091555
0.00983356
-0.00290147
0.00212333
-0.00182390
0.00690672
-0.00019566
0.00282371
0.00989882
0.00401693
0.00005056
0.01012979
0.00661966
0.00299422
-0.00944673
0.00029531
0.00827579
0.00251675
0.00437620
0.00100462
0.01548082
-0.00007013
-0.00011383
0.00368531
-0.00307740
-0.00266961
-0.00479991
-0.00904893
0.00100523
-0.00300164
0.00311550
-0.00783486
0.00228564
0.00670329
0.00059152
0.00966484
0.01447884
-0.00133212
0.00033871
-0.00216427
-0.00369412
0.00997379
