shape=[16, 9]
0.04357442
0.13045643
0.12083647
0.07454875
0.06291268
0.07219264
-0.02298289
-0.06282032
0.01470530
0.02793735
0.00483853
-0.02691577
0.02286267
0.06390072
0.06176488
0.06374926
0.10130478
0.08983729
-0.03345719
0.20263185
0.05657068
0.22358432
0.43133736
0.33042988
0.27761337
0.41004145
0.33132613
0.00462129
-0.03624022
0.06335411
-0.04850958
0.02084539
0.08978774
-0.03810935
0.07375476
0.03115900
-0.05066258
-0.05754201
0.01343352
0.01916705
-0.05122983
-0.05798236
-0.06629655
-0.07249929
-0.03308701
0.10404887
0.05443495
-0.01896522
0.02053778
-0.01009559
-0.00746911
0.05454091
-0.03730361
0.00828787
-0.01972323
0.03949531
-0.04309203
0.08893140
0.10578719
0.04180373
0.11064544
0.00264598
0.00377964
-0.02193781
-0.04448861
-0.01052954
-0.06513862
-0.02927320
0.05660869
-0.00927070
0.03057477
0.09433128
0.04610407
0.26626149
0.12668572
0.26097816
0.45543995
0.32203948
0.17299624
0.32053304
0.17442639
-0.02867339
-0.01121015
0.02341121
-0.05837978
-0.04856209
-0.01760771
-0.00370805
-0.04214942
0.00637371
-0.03349084
0.03987076
-0.04685910
-0.02584541
0.00649487
0.06053073
0.01271619
0.07293732
0.01751080
0.00403502
0.02741161
-0.06133264
0.03754643
-0.02214991
-0.04580263
0.10416064
0.03008625
0.01199896
0.04888218
0.04518213
0.03421920
-0.05120603
-0.03944277
0.00350405
-0.00859613
-0.04701836
-0.02577581
-0.00305852
0.04660999
0.01107750
-0.06192001
-0.05722991
0.07354151
-0.03783070
0.03436466
0.03474900
0.05292080
0.29112393
0.19427906
0.22647710
0.27163827
0.17936479
0.09020631
0.15497169
0.12306390
0.07000201
0.07790095
0.05701642
-0.00780115
0.01060031
0.01343979
0.00599900
-0.03447506
-0.07769487
