shape=[10, 128]
-0.02904437
-0.03706179
0.01637562
0.03379087
0.04292059
-0.04888151
-0.10044476
0.04628289
-0.12848361
0.18833438
0.05015953
-0.09622204
0.02621030
-0.04229589
0.02097474
-0.09994152
0.05729543
-0.08240157
-0.11178567
-0.12071750
0.17235711
0.11669998
-0.07410718
-0.01557735
-0.01318710
0.03086903
-0.07246775
0.12939520
-0.06868012
-0.06692412
-0.05387971
-0.01176339
-0.14268164
-0.06188806
0.00370409
0.00078157
-0.07885010
0.01024860
-0.02389623
0.01741946
0.20478193
-0.03269111
-0.18695375
0.20677456
-0.07232029
-0.02065053
0.01781518
0.08921757
0.16271144
-0.14987120
0.02329056
0.00949838
-0.03616889
0.04288647
-0.01571075
0.17101198
0.04196990
0.02055519
-0.12329240
-0.03486614
-0.06087053
-0.04768469
-0.03959418
0.01305488
-0.17251407
-0.09722737
-0.01065363
-0.03900753
-0.10552675
0.00499624
0.01198970
-0.04116428
-0.03011245
-0.08215743
0.15608326
0.03472079
0.05098314
0.07799214
-0.13089839
-0.06728467
-0.02582269
-0.22368890
-0.01992301
-0.15893103
0.04222725
0.21351059
0.02289921
-0.02060108
-0.07711616
-0.07953930
0.03409347
0.09278995
-0.04953101
0.01427245
-0.00932622
-0.03868236
0.08965740
0.04779889
-0.03941958
-0.05854662
-0.04637222
0.11598396
-0.04939432
-0.02581776
-0.07671507
0.11937854
0.08339979
0.02925964
-0.03598928
-0.13714154
-0.05246520
-0.00761615
0.11141448
0.03430670
-0.10256143
0.13545291
-0.00131663
0.00324718
0.03394989
-0.03236925
-0.09081802
0.06160069
-0.03338268
0.08028630
-0.00063073
-0.07905590
-0.03519885
-0.02256883
-0.05519168
-0.05807516
0.03444251
-0.00374251
0.04818657
0.01237335
0.07840984
0.02924317
0.15631337
-0.07297231
-0.14161327
-0.12331990
-0.05594946
-0.06656232
-0.07262662
-0.05489430
-0.06897672
0.09268473
0.05921786
0.13059974
-0.10581443
0.08327198
-0.02063552
-0.06668262
0.10534718
-0.17536366
0.03686604
-0.08148568
0.00847342
0.07004881
-0.05002280
-0.03418173
-0.09236277
-0.04104337
0.00074091
-0.04455295
0.09712610
0.13306022
0.16853061
-0.00827150
-0.07256146
-0.04921266
0.15584131
-0.06527782
0.06107029
-0.07843323
-0.04834300
-0.20195648
-0.13879490
0.19464943
-0.01227216
-0.07752671
-0.03971455
-0.01740077
0.03595602
-0.00979713
-0.04003515
-0.01147104
-0.02768956
0.03015628
0.07194133
-0.10978436
0.04085802
-0.06721406
0.06214035
-0.14418757
0.03772986
0.04246604
0.23783448
-0.02797539
-0.01088239
0.06334613
0.24143530
-0.07258993
-0.01789973
0.00515587
-0.07902512
0.03774635
-0.03309945
0.05945486
0.17912376
0.05174838
-0.05819970
0.11924944
-0.02793047
-0.04908502
0.01961129
0.03754199
-0.06333109
-0.09285396
-0.00569401
-0.10783347
-0.06637214
-0.04205344
0.01017936
-0.00708792
0.07033350
-0.07236380
0.11525843
-0.07131701
0.03880499
-0.11420449
-0.04430243
0.04009444
0.14984879
0.04987342
-0.07912409
-0.00517999
-0.03332955
-0.08120053
0.02433210
-0.00172205
-0.11554044
0.05445827
-0.10147988
-0.05898275
-0.03573665
0.00795918
-0.02610216
-0.02956415
-0.03069473
-0.10538075
-0.03016035
-0.02582389
-0.06092232
-0.08919550
0.03635846
0.08859558
0.00970299
-0.00142395
-0.04375350
0.10145048
0.00308975
-0.07186866
0.10442906
0.01871633
0.01685628
-0.07183217
-0.05016334
0.06880755
-0.03225620
0.06294326
0.00243113
0.04696457
0.03713748
-0.01428751
-0.07396321
-0.08478682
0.17822969
-0.01125496
-0.10068517
-0.04295686
-0.04883162
-0.05859073
0.00905172
-0.02230966
0.03715859
0.06566851
-0.03853068
-0.03012173
-0.10859077
0.12765814
0.09872247
-0.04782758
0.10235269
-0.06522451
-0.01448014
-0.11379831
-0.03906920
-0.04017198
0.05001338
-0.02318202
0.03777090
0.05618670
-0.00577000
-0.15062624
-0.01626651
-0.12937343
-0.03837284
-0.05482212
0.05436197
0.00593887
0.03875348
0.09558874
-0.01686049
-0.03360979
-0.08080313
0.02737581
-0.07216611
-0.01750734
-0.03560403
-0.03394644
0.18884371
0.00536988
-0.01171942
0.01348991
0.06063003
0.04925328
0.00343597
-0.02484743
-0.10029981
-0.07481495
-0.03954813
0.11432274
-0.04217206
0.20175850
-0.10240695
-0.10094795
-0.03093805
-0.03248547
0.07330203
0.19466190
0.18384978
0.08527736
-0.04495358
-0.00110820
-0.05735473
-0.03079419
0.03550694
-0.03220336
0.03631489
0.09654381
-0.04966729
-0.03124290
0.10828651
0.06426918
-0.01686127
-0.03124646
-0.00419376
-0.07702598
0.00671229
-0.00466286
0.09176946
0.05272655
0.09135854
-0.00689406
-0.02205776
-0.11024226
-0.08184294
0.00431056
0.17030743
0.02687309
-0.09637146
0.01161447
0.03065262
0.05135011
-0.01361035
-0.06349269
-0.11458706
0.12645987
-0.02800439
0.04998079
0.03359056
-0.05228318
-0.02587822
0.03054574
0.04800376
0.02549741
0.01358173
-0.02682979
-0.03956744
-0.09501832
0.04168102
0.04767628
0.03836779
-0.15960070
0.07568201
0.05400963
0.00004533
-0.03221164
0.01867804
0.05714340
-0.06134790
0.00013003
0.02212473
-0.04018012
-0.06370923
-0.04176298
-0.03164728
0.08087265
-0.00564612
-0.08700521
0.13164365
0.18295754
-0.03671828
0.02465305
0.01937808
0.01228472
0.26212519
-0.08443833
0.04513355
0.01343719
0.02595656
0.03057235
-0.03037507
-0.03220508
-0.05651972
-0.02299482
0.04586966
-0.03353511
0.04781402
-0.09600636
-0.01417046
-0.11798541
0.01320653
-0.20111245
0.01538460
-0.01102858
0.00996236
0.04209621
0.00157227
0.01304928
0.00710630
0.01659136
-0.10678674
0.03799118
0.04046580
0.02915011
0.00243723
0.00556882
-0.02744113
-0.14320554
-0.02806778
0.03176258
0.00396592
-0.00789852
-0.02920639
-0.02228609
-0.07101702
0.15970641
-0.08083989
0.11970702
-0.10369989
-0.11949582
0.16470572
0.11542761
-0.00829359
0.24702619
0.01513112
-0.11693420
-0.04450976
-0.08793059
-0.02724263
0.02886805
0.02329804
-0.09513577
-0.03104781
0.11382287
0.15008913
-0.02941359
-0.03989058
-0.04425773
0.01166257
-0.01532382
0.02419956
-0.02696206
0.03661658
-0.07613953
-0.15546887
-0.01386765
-0.02199292
-0.09019805
0.05039517
-0.02461900
-0.07495540
0.01607216
-0.03952368
-0.03466472
0.05330647
-0.02435308
0.20462021
0.06886453
0.04301141
0.02690562
-0.03134414
-0.01293511
0.01813159
0.05458638
0.04373142
-0.10307688
0.00762379
0.18601131
0.02970991
0.02043288
-0.00159694
0.06821814
0.06010250
0.02584642
0.03602884
0.05918543
-0.12491177
-0.03078118
-0.11528989
-0.08138777
-0.05241722
0.07024278
0.03153602
0.05213105
-0.02884682
-0.05654101
-0.06451269
0.11285220
-0.06136281
0.01422688
-0.09178973
-0.01043259
-0.03619835
-0.01411297
-0.02283230
0.08956496
0.01521554
-0.11067017
0.00366283
0.08806286
-0.04693468
-0.00927673
-0.05097419
-0.04272618
-0.08044023
-0.03352499
-0.02516755
-0.13250726
-0.02964835
0.09064230
-0.09031491
0.00316732
0.10124627
-0.05827800
-0.07106807
-0.01098238
-0.00462447
0.07232206
-0.11686373
0.12807639
0.04362856
0.02528536
-0.02891662
0.01857437
0.03248702
0.01522087
-0.04922765
0.02053113
0.22714826
0.08816203
0.03275274
0.03220566
-0.03408472
-0.03089903
0.28357896
0.31761640
-0.00280988
0.00242662
-0.15592574
0.01779025
-0.04368293
-0.03612849
-0.04995460
0.01128646
0.01808415
-0.00750161
0.20323092
-0.07531314
-0.02304583
0.02124591
-0.16054645
-0.07013275
-0.01523318
-0.09103809
0.04522399
0.00535362
-0.00236793
0.02713668
0.21289466
0.14840943
-0.04894692
-0.08458205
-0.05616381
0.01139749
0.07296807
0.01021599
-0.06285520
-0.03142924
0.01217841
-0.01070929
0.02705595
-0.15625136
0.25185606
0.03070376
-0.03525977
-0.03117521
0.13339370
0.00829146
-0.00455305
-0.05618756
0.08712376
-0.01179899
-0.07830920
0.02085856
-0.03121684
-0.07806677
0.05544057
-0.09126502
0.04806239
0.02952805
-0.01143604
0.12134975
-0.08777285
-0.01652034
-0.03905007
-0.09857438
-0.03309346
0.01026754
-0.00608538
-0.04264477
0.04754528
-0.03247258
-0.05377403
0.02313332
-0.05533433
0.02578006
-0.05956152
0.19764860
0.10148390
-0.08226819
-0.05191299
0.03609589
-0.00384905
0.01333417
0.10830054
-0.08497889
-0.08275586
0.06153470
-0.15958123
-0.09214874
-0.02161400
-0.00944534
-0.05846633
0.12703584
0.00087961
0.08244969
0.02936997
-0.03125070
0.04910240
-0.01022416
0.07380247
-0.12039170
0.08141926
-0.00128559
-0.02974753
0.01187399
-0.02396142
0.12932195
0.00705120
0.03787672
-0.01503900
0.01345614
-0.02162071
0.01951476
0.00270409
0.14018382
0.01490108
-0.12855536
0.00404084
0.05863548
0.02204817
0.02077689
-0.01757278
-0.09393646
0.03239683
0.03536110
-0.06876025
0.06458782
0.09226988
-0.02190832
0.01452264
-0.00192788
-0.12014729
-0.12108631
0.07916360
0.04350292
-0.03801871
-0.02885817
-0.00809647
-0.01935331
-0.03838831
0.18320131
-0.08054183
0.05672782
-0.11303027
-0.06518576
0.11515126
0.10110842
-0.03448811
0.15900688
-0.05670248
-0.18478049
-0.04116506
-0.09385315
-0.01713113
-0.03155576
-0.03078500
0.03842004
0.00455215
0.26866689
0.03833068
0.00657292
0.05831055
0.02853612
0.02656105
-0.01540877
0.01420905
0.14198354
-0.02932244
0.16029510
-0.05341265
0.00602443
-0.02406013
-0.05554561
-0.01364661
-0.02727816
-0.01826300
0.02851307
-0.07792881
0.01919281
0.05834603
-0.01827478
0.14150435
0.04127047
0.04377799
-0.01875726
0.04582651
-0.03072087
0.19523339
0.02953561
0.08756337
-0.04728205
-0.07007201
0.13456453
0.02713574
0.00335465
0.02778517
0.00964271
-0.06144831
-0.03220609
0.02200451
-0.09434621
-0.03059429
0.02918015
-0.11614487
0.16188495
-0.03146800
-0.09687309
0.03183661
-0.07718417
-0.04870353
-0.08256323
0.12818871
-0.12546289
-0.08347707
0.13316870
0.07889941
0.03020782
-0.03202140
-0.07173051
-0.01662772
-0.08664206
0.00235588
-0.11943935
-0.04368911
0.05915937
-0.00526143
-0.02128665
-0.08030526
0.04564414
0.04236180
0.03274123
-0.07680335
-0.09133226
0.00868991
0.13452271
-0.06069000
0.00685737
-0.07012080
0.08258223
-0.08282670
0.27908042
0.01445805
0.29589635
-0.22222285
0.20835549
0.02908741
-0.01097798
0.02718779
0.03899450
0.01333053
-0.04000233
0.04373096
-0.02606234
-0.01174678
0.03994900
-0.04808493
0.05338236
0.00011461
-0.04255173
0.11159798
0.12107129
0.01874121
-0.03511619
-0.05425363
0.00453859
-0.04454137
0.00355769
-0.01888752
-0.08191581
-0.02312812
-0.03330140
0.22788340
0.22335246
-0.01928702
-0.00869139
-0.10838453
-0.20288017
-0.06955940
-0.06162526
-0.08049226
-0.00481840
0.00252292
0.02637623
-0.06116270
0.08733190
-0.01034432
-0.13520922
-0.07329544
-0.09969239
-0.10646831
0.00412421
-0.06961094
-0.03081821
0.00466013
0.02085475
0.01586220
0.20065549
-0.00331761
-0.02924268
-0.00795010
-0.03575242
-0.05849005
-0.04287931
-0.01992576
-0.11774646
0.08662359
0.01521784
-0.10984011
-0.03079914
-0.12250126
-0.06238905
0.01418407
-0.12609097
0.00885555
-0.01357982
0.00670309
-0.12749547
-0.06002802
-0.05333704
-0.05925022
-0.11292029
0.04239269
-0.12414535
0.02880655
0.00454251
-0.03441401
0.13681512
-0.04864883
-0.06581987
-0.05934154
0.03506364
0.07422275
-0.15472780
-0.08691285
0.04814461
-0.07931983
-0.05031708
-0.05331768
0.15103278
-0.10659782
0.10646273
0.14476934
-0.05815259
-0.13575824
0.00114802
0.14668027
0.09533139
-0.02105642
0.11133164
-0.05270920
-0.10025579
0.16316643
-0.01572979
-0.07037177
0.02102223
-0.14663564
-0.01107875
-0.00260504
-0.03295010
0.11797690
-0.11123593
-0.01616228
-0.08599074
-0.03016246
-0.01689311
-0.05200393
-0.08767161
0.00064377
-0.11054213
0.00000584
-0.11078025
0.23691748
-0.17219537
-0.03627035
0.00159747
0.02495882
-0.01291248
0.02875437
-0.06321176
-0.05102253
0.00842097
0.07141561
-0.03216421
-0.05270613
0.02409266
-0.02433380
0.01535921
-0.15600084
-0.03118295
-0.02975896
0.03860772
-0.07214019
0.02581651
-0.01192699
0.02134125
0.04894807
-0.10909349
-0.06418122
-0.00560452
-0.08202184
-0.16827448
-0.07382604
-0.13356455
0.04615431
-0.05796305
0.02982686
0.08359371
-0.01182166
0.04467158
0.03868107
-0.01161178
-0.07232254
-0.12703438
-0.01100391
-0.07143661
0.07172233
0.13038786
-0.08262344
-0.03514330
-0.11226670
-0.01482955
0.01622425
0.03323364
0.03501149
-0.12452532
0.16448830
-0.05165058
0.04759330
-0.01651329
0.00447680
0.00775786
0.10711851
0.11774230
-0.08088896
-0.05402068
-0.05564727
-0.03927021
-0.01900798
-0.04086823
-0.00822317
0.17825450
0.00901039
0.01608174
-0.01567164
0.03753065
0.00494714
0.12491766
-0.00212009
0.07989859
0.01738818
0.14843102
-0.03653502
0.01187494
0.06671619
-0.02550857
-0.04443315
0.06482954
0.22024083
0.02406447
0.07797851
0.11860756
0.02754261
0.12192328
0.07997441
0.03330760
0.06467427
-0.09787298
-0.05866647
-0.00984238
-0.03338181
0.09294639
0.06883747
-0.10448644
-0.01507419
-0.06330731
-0.08956863
-0.09329297
-0.07968123
-0.00642209
-0.02281590
0.01413064
0.02977342
-0.00461859
0.11261648
0.15012567
0.01262264
-0.01573291
0.04519049
0.03734697
-0.10856718
-0.03464770
-0.06862452
0.04097661
-0.08430787
-0.05850058
0.04952366
-0.06081509
0.03605284
-0.03295747
-0.04249890
0.11255403
-0.01319036
0.12581769
0.02293721
-0.04806062
-0.01554665
-0.08533653
-0.02350350
-0.02283239
-0.04483157
-0.02791066
-0.05226427
0.03668808
0.00274360
0.03052240
-0.14421357
-0.09719837
-0.04228761
-0.00193768
0.13107154
-0.04630928
0.01065504
0.03912399
-0.06129596
0.12255879
0.17141230
-0.05667246
-0.04408216
0.08520925
-0.03834164
0.15155144
0.12943350
0.14610566
0.03568157
0.17690393
0.00504775
-0.09157173
-0.06197977
-0.04850933
0.06399375
-0.03080669
-0.05643469
-0.02530772
0.06484481
-0.05522580
-0.02645752
0.01439548
-0.11271683
-0.01595362
-0.04043500
-0.05360910
0.03210711
0.05783901
-0.07916763
0.04897046
-0.10069971
0.06257556
-0.15290861
0.03490800
0.02418754
0.05366820
-0.03040472
0.01871464
-0.00838910
0.06822172
0.15941256
-0.11684855
0.01824244
-0.10451685
0.02987758
0.01059223
0.08851959
-0.10273851
0.03809964
0.01827509
0.12100995
-0.14031611
-0.07232282
-0.05990464
0.00476371
0.01472142
0.02493049
-0.12111656
-0.05876643
0.19446233
-0.12136561
0.00913452
0.03195142
-0.01224468
-0.05459636
-0.02466333
-0.00851510
0.05976077
0.02444886
-0.03557280
-0.02938578
0.07166974
0.10773981
-0.03113391
-0.01346152
0.03039270
0.16222231
0.07898998
0.05474849
0.10373657
-0.07396322
-0.08654683
-0.05568085
-0.05717859
0.01487138
-0.04173553
0.03545759
-0.07665282
-0.06225364
0.04647582
0.00977065
-0.03158245
-0.07516531
0.05086019
0.05172122
0.01885390
-0.08722536
0.04030739
-0.06088461
-0.03693236
0.00675185
0.08849201
0.13663681
0.05383177
-0.02002877
-0.02051098
0.04367204
-0.03690473
-0.03834052
0.06159784
-0.03219116
-0.02355841
0.24228467
-0.04150215
0.03365699
-0.01977762
0.00144136
0.02763224
-0.03312426
0.12808068
0.01258786
0.02172764
-0.13032795
0.00776458
0.01934510
-0.05160259
0.06193747
0.04250778
0.01797236
-0.05231630
0.00888132
-0.12160005
0.05700038
-0.05565898
0.01966614
-0.11205111
-0.05968728
-0.00930613
-0.02290695
-0.00379316
0.07137581
0.01893363
0.10910726
0.02735241
0.00358316
0.02448785
0.04345107
-0.08161655
0.12227977
-0.01707088
-0.06052861
-0.05870975
-0.04844527
0.06221531
-0.02166287
-0.00138822
0.11727820
-0.03019052
-0.01612021
-0.03435247
0.00834507
0.00343132
0.00731431
0.27348408
-0.03263285
0.04734839
-0.06557330
-0.01465752
0.15796144
-0.00550757
-0.01555467
-0.04927545
0.00304612
0.07885331
-0.03219828
0.00587338
0.04505510
-0.01831135
0.07246307
0.08762433
-0.00928282
0.05699031
