shape=[128]
-0.00944827
0.00607675
0.00544939
-0.00605874
-0.00013814
0.01387439
0.01320523
0.00106662
0.03313560
0.00561372
-0.00547595
0.00282076
-0.00587497
0.00513954
-0.01024423
0.00727663
0.00522707
0.03784156
0.02419958
0.03202824
0.01840290
0.01179679
0.01126849
0.00107675
0.00999153
0.01483962
0.00054214
0.00776814
-0.01010865
0.00215109
0.00858659
-0.00860267
0.02937493
0.01408960
0.00334237
-0.01277800
0.01322768
0.02328642
0.01995567
0.01780011
-0.00191841
-0.00030355
0.00910355
-0.00595935
0.00447105
-0.00225185
-0.00024560
0.03264486
0.01395621
0.04080276
-0.01317269
0.00041050
0.00389738
-0.00377623
0.00100928
-0.00346329
-0.00257915
-0.00801978
0.00982419
0.00313380
-0.00095425
-0.00422686
-0.00629013
0.00209722
0.00430665
0.01772417
0.00129273
0.00014669
0.02147553
-0.00178412
-0.00026056
0.00280146
0.01618659
0.01497582
0.02403569
0.00326000
0.01125454
0.01308843
0.00804291
0.02533232
0.02490562
0.01511441
0.00363406
0.03066736
-0.01034991
-0.00336715
0.01978422
-0.01375583
0.02644364
0.00552303
-0.00241632
-0.00621958
0.00432245
-0.00050159
-0.00367172
-0.01046047
0.00240399
-0.00809877
0.00141529
0.00775965
-0.00005706
-0.00143052
0.02976831
0.00629150
-0.00258928
0.00970928
-0.00147529
-0.02309047
0.00482348
0.02188433
0.01429581
-0.00235766
0.00999375
0.00468184
0.02013157
-0.00272953
-0.00408732
0.00333204
-0.00080573
0.00531187
0.02288470
0.00056433
-0.00151561
0.00138415
0.01122696
0.00421352
-0.01722478
0.01849537
