shape=[256]
-0.00114992
0.00554720
0.00060369
-0.00043936
0.00190100
0.00184535
-0.00091454
-0.00178157
-0.00168898
-0.00028069
0.00566491
0.00075890
0.00498770
0.00031670
0.00108938
-0.00066371
0.00728883
0.00858094
0.00316935
-0.00388006
-0.00192074
0.00370017
-0.00018369
0.00035116
0.00382867
-0.00355864
0.00115987
0.00250045
-0.00421902
0.00460538
0.00584424
0.00123725
0.00642283
0.00470175
0.00315430
-0.00182629
-0.00071516
0.00993928
-0.00143753
-0.00880487
-0.00010932
0.00219655
-0.00425913
0.00326993
-0.00779076
-0.00688906
0.00413915
0.00084050
0.00205881
0.00243506
0.00000154
0.00090952
0.00087487
0.00158296
0.00664817
-0.00271820
0.00090632
-0.00000918
-0.00405783
0.01458145
-0.00004259
0.00653465
-0.00301549
-0.00016701
0.00070463
-0.00199077
-0.00181853
0.00974082
0.00083204
-0.00754720
0.00373784
-0.00649734
-0.00203948
-0.00182069
0.00259704
0.01034580
0.00198080
0.00370203
0.00356200
0.00004373
-0.00189861
-0.00291966
0.00571660
0.00197671
-0.00410147
-0.00172898
0.00191360
0.00087763
0.00313537
-0.00027117
0.00074179
-0.00064224
0.00215804
-0.00263120
-0.00372449
0.00038644
-0.00704881
0.00168334
0.00312546
-0.00015739
-0.00050277
0.00061892
0.00031433
0.00208452
-0.00057414
-0.00082435
0.00542043
0.00153417
0.00519946
0.00087109
0.00560210
0.00303112
-0.00266012
0.00513532
-0.00177905
0.00341020
0.00115086
-0.00338913
-0.00177616
0.00726397
0.00047647
-0.00888910
-0.00626426
0.00099867
0.00007300
0.00414483
-0.00650671
-0.00093634
0.00498673
0.00632479
0.00344795
-0.00463056
0.00105506
-0.00007357
-0.00076283
0.00132739
-0.00088993
-0.00061046
0.00453740
0.00065298
0.00187610
0.00491518
0.00931067
-0.00365869
0.01137531
-0.00561941
-0.00315231
0.00075240
0.00097962
-0.00597826
0.00154743
0.00560689
0.00441404
0.00231362
-0.00193483
0.00211029
-0.00053193
-0.00097789
-0.00288630
0.00706645
-0.00118107
0.00767561
0.00303201
0.00331054
-0.00164378
0.00058181
-0.00272517
0.00002449
-0.00551264
0.00330717
-0.00055520
-0.00079422
-0.00498080
-0.00299493
-0.00088820
0.00725955
0.00064375
-0.00085492
0.00416690
-0.00363730
0.00418267
0.00513859
-0.00075297
-0.00003755
0.01204821
-0.00036904
-0.01132330
0.00405661
-0.00413421
0.00392497
0.00387666
-0.00124005
-0.00304316
-0.00244756
0.00586669
-0.00102318
0.01079395
-0.00192372
0.00477364
0.00152838
0.00166654
0.00234842
0.01106454
0.00024207
0.00109753
0.00469940
-0.00030347
0.00042604
0.00632819
-0.00061911
0.00342252
0.00334296
0.00238013
0.00011370
0.00747482
-0.00131440
0.00121454
0.00283420
0.00221207
-0.00102637
0.00914386
-0.00114820
0.00231158
-0.00172558
0.00522887
0.01255447
0.01542528
0.00147018
-0.00062408
0.00883499
-0.00144584
0.00215049
-0.00089148
-0.00094366
-0.00424834
-0.00297186
0.00166517
-0.00268198
-0.00414279
0.00211070
0.01481176
0.00773527
0.00566117
0.00054884
-0.00223184
0.00045895
-0.00017635
0.00182666
0.00525606
0.00466983
-0.00450985
0.00192577
-0.00052277
-0.00227691
-0.00119880
-0.00203048
