shape=[16, 9]
-0.03472644
-0.08044767
-0.14453846
-0.09713122
-0.07486308
0.03827034
-0.04125151
0.05837398
0.04854991
-0.19974855
0.13549563
0.08806936
-0.24361746
0.11510003
0.05138809
-0.17813295
0.15912496
0.07980119
-0.14573494
-0.75832462
-0.54992276
0.42779732
0.01886164
0.02851273
0.21087553
0.37653032
0.16869673
-0.14045501
-0.09676964
0.01566760
-0.12926057
-0.08554637
-0.07205883
-0.06456225
-0.12595189
-0.03910474
-0.21044254
-0.30512831
-0.03335865
-0.30211920
0.03705798
0.18436347
0.25721416
0.37327775
0.03705793
0.14843389
0.13492191
0.06899517
0.16738990
0.25104329
0.12638822
-0.08502520
0.08470979
0.07893815
-0.17207694
-0.14223368
-0.04797409
-0.04171367
0.16528897
0.25932863
0.04310176
0.15795127
0.07604076
0.15644984
0.00929316
-0.21379930
0.13067578
0.01080829
-0.16553389
0.12009952
-0.01848228
-0.07814745
0.15275192
0.26965755
-0.04698961
-0.12771666
0.31933275
0.21717906
-0.55267793
-0.19358847
0.11994409
0.29927078
0.06238032
-0.16817844
0.29840857
-0.15199628
-0.16961055
0.01986155
-0.26664102
-0.13868082
0.11569076
-0.23517954
-0.48770854
0.34069550
0.01807621
-0.32071507
0.16173603
0.29566523
0.05702823
-0.16292867
-0.23652996
-0.02726496
-0.19707157
0.17372848
0.21362594
0.18155387
0.16360366
-0.17106496
0.45285088
0.47383305
0.66822064
-0.12043959
0.03985364
0.17262965
-0.58020520
-0.80926865
-0.54700434
-0.24811226
0.06508929
-0.07955737
-0.01980920
0.22891976
0.01152636
0.23745023
0.26822096
-0.25025925
-0.14994249
-0.32838380
0.07030313
-0.39992747
-0.20636839
0.37863591
-0.16279481
0.30300435
0.46053761
0.10277843
0.09878001
0.07597177
0.20049931
0.31241786
0.17273942
0.08063018
0.02601816
0.11747923
