shape=[10, 128]
-0.04956390
-0.03735679
-0.17854114
0.03015299
-0.15158297
-0.05174283
0.20390940
0.03585074
-0.01293168
-0.08904111
-0.12798792
-0.24853668
0.05262951
-0.03843173
0.11359922
0.07739051
-0.03626117
0.14273380
-0.10812020
0.02119373
0.20144880
-0.00671445
-0.15550306
-0.03991251
0.04189028
0.10474921
0.26643962
-0.02526452
0.02014543
0.05882447
0.15144408
-0.05910294
-0.17538103
0.05172206
-0.14862688
0.03987033
-0.04904069
0.04261470
0.00040466
-0.18836597
-0.03831080
-0.09826978
0.10663258
-0.16364878
0.01949904
0.07705270
-0.09950884
-0.12381931
-0.14913099
0.02105878
0.06146603
-0.00794689
-0.00549236
-0.07954019
-0.04856110
0.35942930
0.00309679
0.41346526
-0.05032646
-0.10082023
-0.08805905
0.02856659
-0.16375187
0.45671433
-0.22102301
-0.07009763
0.03885686
-0.15372998
0.00656752
-0.02935399
0.01275541
-0.03289140
0.36218745
0.06980328
-0.03666221
-0.11307788
0.17787895
0.02061892
-0.19436331
0.02735058
0.02762812
-0.00280283
0.08883440
-0.05120857
0.03370421
-0.01249225
-0.29499966
-0.02885283
0.07713043
-0.21005479
0.00306473
0.09053742
-0.04075907
-0.07148883
-0.03617029
-0.05824856
-0.03664048
-0.14561118
0.07856794
-0.00136924
-0.14398801
-0.02017081
-0.23970118
-0.10301896
0.04090822
-0.16292243
-0.16020817
-0.21274686
0.08369540
0.01925213
-0.06202441
-0.09271100
0.00426560
0.03040944
-0.03609423
-0.23449825
0.17924386
0.32836640
0.00977727
-0.02533159
-0.14801824
0.07875307
-0.04560367
0.04018912
-0.03101273
-0.01258235
-0.05984995
0.17058527
-0.15531638
0.08504757
0.13244309
0.03715853
0.07600150
-0.06504588
-0.00027950
-0.04734162
-0.15068153
0.01678483
0.11751734
0.12801664
-0.12410036
-0.02872598
0.08574009
-0.32501838
0.03878642
0.01880242
0.04520364
0.03383929
-0.02165197
-0.05024050
-0.16512573
0.24981348
0.01578506
0.00968654
0.02329851
-0.02369546
-0.04821283
-0.05480743
-0.24303135
-0.11392683
-0.01149967
-0.25718784
0.08070938
0.05118258
0.02570368
-0.27673554
0.15608703
-0.00014888
0.04539434
-0.14426713
-0.00484099
-0.03561184
-0.06279524
-0.15643573
0.29340959
-0.13170584
0.02112507
-0.03881457
0.04512839
0.03140498
-0.15159422
-0.15529594
-0.17576756
-0.22830114
-0.02358838
-0.01289629
-0.03491417
-0.18854102
-0.13171807
-0.04678977
-0.00289071
-0.00097682
0.16651231
-0.06467825
0.06599848
-0.18135466
-0.01199956
0.02642630
-0.05424823
-0.04669653
-0.16430482
-0.07189697
-0.01104144
0.18723407
-0.13013384
-0.02512820
0.05375530
-0.00735522
-0.05508415
-0.09673510
0.34046715
0.38034666
0.13561080
0.03641363
-0.15520678
0.00784077
0.05244431
0.12122323
-0.03463526
-0.13489270
-0.02364468
-0.07251585
0.01377983
0.14372450
0.12768807
-0.12568915
0.00128829
-0.01654590
-0.11059009
-0.02141563
0.18975504
-0.26228476
0.00918534
-0.14709419
0.25076398
0.24119280
0.07565837
0.30548748
-0.07475738
-0.12850022
0.00297668
-0.21171901
0.00998665
0.33748400
-0.18022908
-0.27052814
0.05099928
-0.04484379
-0.07707594
-0.23725794
0.22477882
0.00787500
-0.02743898
0.01710555
0.05500390
0.03011633
0.32257131
-0.00160637
-0.22210237
-0.00588205
-0.15375865
-0.01812218
0.00525364
-0.01901970
-0.09866923
0.18000239
-0.12948106
0.11923980
-0.01246695
-0.00493928
-0.08868074
0.02011569
0.15823023
0.08789967
-0.09581442
0.10224848
-0.08498359
-0.01659122
0.36267811
-0.17890997
0.04881398
-0.05828699
-0.08792372
-0.04655098
-0.04767784
-0.00912476
-0.09663908
0.18946667
-0.15628424
0.07278677
-0.24623547
0.04075176
0.00637701
-0.03296272
-0.04843685
0.20297813
0.03293203
0.07303596
-0.17114359
-0.01965604
0.00030199
0.02049168
-0.15802574
0.33467090
0.23441862
-0.05381718
0.03374986
0.00584895
0.06150720
-0.20150384
-0.02385205
0.27642155
-0.00439150
0.32532707
-0.06805330
-0.03234442
0.07243837
-0.00567401
0.18810579
-0.01069859
0.03606115
-0.15467653
-0.03513350
-0.10978074
-0.03905368
0.06459849
0.03021174
-0.04666441
-0.08766019
-0.02298759
-0.06218541
0.03851984
0.10609724
-0.02444866
-0.24678920
0.13456522
0.02963399
-0.07612469
-0.02017538
-0.00962083
-0.04403399
-0.03982004
-0.15984912
-0.02300971
-0.03630904
-0.24309503
-0.05703349
-0.04280501
0.05844624
0.03790006
-0.05847450
-0.03607278
-0.05821031
-0.07067780
-0.05147953
0.08384821
0.12677778
0.01073739
0.30928349
-0.04464737
-0.10759752
-0.17825601
-0.19067007
-0.14666370
-0.05201372
-0.10707792
-0.04483927
-0.08949772
0.06521998
-0.13671714
0.04621457
0.46330932
0.03747188
0.15934075
-0.00888504
-0.01017730
0.07373822
-0.14452510
-0.12613910
0.05299922
0.01909817
-0.02748126
0.01534677
-0.30354750
0.40995312
-0.02219688
0.01544612
-0.06218732
-0.15163557
-0.01329030
-0.06816714
-0.03811400
0.05236858
-0.08618683
-0.17878105
-0.01232764
0.12412471
0.01251575
-0.05499003
0.07961265
-0.03359560
-0.21756816
0.04518582
-0.09789742
0.07491065
-0.00456008
-0.16821298
0.13144459
-0.00984595
0.00292857
-0.01363988
0.02088178
0.07143234
0.02947862
-0.12861976
-0.07715055
0.44140199
0.05018050
-0.18871106
-0.07066916
-0.04038182
-0.05810280
-0.07021382
0.28974038
-0.00266155
-0.11835624
-0.11658883
0.00848899
0.05773028
0.25233689
0.08452821
-0.14137267
0.28123388
-0.03647571
-0.02411404
0.01775494
-0.22078708
0.10541190
0.11945514
-0.06962966
0.01658699
-0.11336406
-0.01761507
0.15273421
0.24257123
0.15726411
0.15802711
-0.16423768
-0.15828332
-0.14746355
-0.02499022
-0.09070327
0.08711845
-0.00852065
-0.01316298
0.04085778
-0.04783259
-0.04476132
-0.03511336
-0.25003833
0.04288888
0.00306917
0.43371242
-0.13344243
0.04294135
-0.07500326
-0.18465881
-0.19211273
-0.05694436
0.02280649
0.30470845
-0.01244518
0.02741233
0.22337772
0.03255948
0.18134807
-0.02674501
-0.08350298
-0.04824557
0.31314659
-0.03398884
-0.09707571
0.09106833
-0.05390149
-0.11749215
0.03649024
0.10924077
-0.12534013
0.05313123
0.03761996
-0.14202258
-0.27250910
-0.09074112
-0.18817474
0.20592986
-0.12532476
0.05163775
-0.06849258
-0.04396488
-0.04254299
0.00935152
0.15050082
-0.02271052
0.06246456
-0.20242958
0.11798541
-0.10044418
-0.04278227
0.03018544
-0.03402449
-0.04880995
-0.15268646
-0.27420670
0.01589706
0.15402164
-0.00276345
-0.14111298
0.14795572
-0.09107859
0.03535791
0.07688110
-0.13653871
0.23651843
-0.06996495
0.03576121
-0.00474718
-0.08058921
0.03145311
-0.07312104
-0.15759900
0.00780111
0.09795555
0.05938290
0.02438413
0.15306494
-0.09999721
-0.02746828
0.01681797
0.13013257
-0.01869547
-0.03013558
-0.04007009
-0.01205494
-0.04319162
-0.17946748
-0.00089983
0.50625324
-0.03459184
0.00556760
-0.07528067
0.06211233
-0.01357079
-0.02072979
0.49806133
-0.02061371
0.10406012
-0.02133625
-0.34869906
-0.08106260
-0.06681474
-0.10271712
0.03608217
-0.03774761
0.03221265
0.06979581
-0.20463648
0.10716654
-0.10253792
-0.00761632
-0.06852841
0.08878869
0.21436933
-0.15557534
-0.15776920
-0.15673989
0.04086917
0.33528656
-0.03147214
0.00597174
0.27125859
0.02752022
0.04429897
-0.03556698
-0.01460172
0.14685920
0.01582888
-0.02912799
0.14692688
0.02433382
0.04111805
-0.02695051
-0.17520788
0.03549763
0.15277265
0.02435101
-0.02407668
0.08311354
-0.03792016
0.20219453
-0.00442852
-0.10035029
-0.00975765
-0.00976622
0.00038695
-0.01428658
0.06068477
-0.02726297
-0.13051450
-0.02040808
0.13686892
-0.05017119
0.00729291
0.25991443
-0.04543275
-0.16422163
0.09745403
-0.00193468
0.00502224
0.05630824
0.27018139
-0.09686881
-0.18905891
-0.00970622
0.05515044
-0.01577482
0.07823813
-0.12306236
0.11556521
-0.15801831
-0.22292247
-0.02115194
0.01812413
0.17241992
-0.34675205
-0.07057811
0.08824774
-0.03367334
-0.02565736
0.00626099
-0.15604374
-0.18312253
0.05091247
-0.17056620
-0.00627120
0.30455154
0.00158601
0.09767785
0.03104589
-0.01266488
-0.02843415
-0.19445251
-0.17418551
0.15483731
-0.00307660
0.00033535
-0.06387666
0.03870234
-0.05605413
-0.04566658
0.08357667
-0.09868836
-0.04570456
-0.07896138
0.04417972
-0.01746244
-0.05236090
-0.06809648
0.07141875
0.05912331
0.11924373
0.12225036
-0.20221087
0.22312656
-0.07069585
-0.12410136
-0.00690498
-0.02256190
0.28772262
0.01749231
-0.15773600
0.01023222
0.03464963
0.12261220
-0.11039089
0.06291898
0.19283950
-0.00309958
-0.00017413
-0.09225990
0.05291361
0.06792925
-0.00728390
0.19352406
0.35211226
0.20985310
-0.14915736
-0.00578647
-0.09011817
-0.01155294
0.06164301
0.18737586
0.00236766
-0.23861241
-0.20502409
-0.10092945
0.14386049
0.02808570
-0.14698964
0.00697040
-0.01977338
-0.01415540
-0.00991419
-0.06774605
0.17502689
0.14070705
-0.07504376
-0.00651176
0.02357429
0.38666904
-0.05001944
-0.03342775
-0.03799795
-0.08124961
-0.10945243
-0.06335395
0.03761537
-0.09690247
-0.03563608
-0.04970368
0.12150754
0.00940261
0.04540288
-0.00201138
-0.06396273
0.01118350
0.16164041
-0.05553846
-0.05635128
-0.01036693
-0.00211047
0.02550880
-0.03376132
0.23468252
0.17555195
0.00503707
0.19335625
-0.17357337
-0.09300759
-0.11043138
0.04993259
0.00817030
-0.11990998
-0.04400957
0.13945568
-0.04045142
-0.14742331
0.04072300
-0.07460717
-0.01434693
0.14948015
0.03037812
0.48482716
0.04831335
0.02869848
-0.01007044
-0.05089601
0.09998561
0.08734492
-0.16766591
-0.03026577
-0.04188561
-0.00000720
0.24710152
0.03646721
-0.01621338
0.02515288
-0.14946231
0.22287628
-0.07937755
-0.36690924
0.09688257
0.02807956
0.02179797
-0.02478027
0.09298518
0.16937441
-0.03035820
-0.11270306
-0.01603974
-0.04145186
-0.18295789
-0.05121508
-0.08223479
-0.08015159
-0.07032102
-0.07574153
-0.03420152
-0.08501094
-0.03017574
-0.25988683
-0.19340844
-0.01078662
0.12581563
-0.04894921
0.00286580
0.08841665
0.01051901
-0.07239622
-0.00095584
-0.10064247
0.04006103
-0.10212353
-0.00229271
0.10827235
-0.03759384
0.28043860
0.05652071
-0.04839877
-0.04751620
-0.05887891
0.05346742
0.28105602
0.14279805
-0.29532638
-0.02888796
-0.14509235
0.08234991
-0.27404186
0.13765773
-0.05489913
-0.19645239
0.30596164
0.06507567
0.17641515
-0.06852546
-0.09354681
-0.02151623
0.05688816
-0.02719998
0.00537760
0.29036897
0.18029954
0.00713322
0.16556910
-0.04837960
-0.03280663
-0.19624232
-0.07721792
0.01586389
-0.06783747
-0.10861138
0.09564070
-0.02141049
0.01047432
-0.20209964
-0.00937926
0.00929092
-0.04901861
0.12110435
-0.20109309
-0.05705392
-0.05233759
-0.02861861
-0.17618430
0.08944882
0.25115153
0.10707232
0.07368444
0.01830973
-0.02212122
-0.06851983
-0.06534217
0.02047337
-0.22154015
-0.12965558
-0.04839769
0.00199255
0.33307287
-0.05497299
-0.12999839
0.06619553
0.15848933
-0.12483414
-0.02741681
-0.11490286
0.28576598
0.05177828
0.02561003
-0.12124000
0.00930390
0.02695666
-0.07288705
-0.00974889
-0.01062349
-0.06088552
0.18447851
0.05668597
0.10598566
0.09923083
0.04675274
-0.07148460
-0.08759031
0.19183184
-0.02044907
-0.10694998
-0.12338117
0.02531915
0.23722818
-0.10417461
-0.00855330
-0.00035034
0.15563418
-0.04632944
-0.07251723
0.35637909
0.05543625
-0.07068040
-0.02639095
0.06936286
-0.08666482
-0.08410691
0.04427819
0.01383761
-0.04501365
-0.05762292
-0.03273930
-0.21440412
0.09390391
-0.29335800
0.03753569
-0.18338063
0.01351569
0.01038016
-0.04634343
-0.05126330
0.22628070
-0.03986180
-0.20956825
0.04432749
0.15101515
0.03902426
-0.34755325
0.03599235
-0.24302170
-0.16990545
-0.06596392
-0.04992135
-0.02064998
-0.23763667
-0.01615101
-0.10304889
-0.01744879
0.12482898
-0.15836686
-0.06423408
0.18778639
-0.15487383
0.09032145
0.04854983
-0.27891493
-0.06358831
0.10222653
-0.03363699
0.21030107
0.08517399
0.03686018
-0.00730009
-0.00041415
-0.20665090
-0.16760059
0.03387473
0.13083760
-0.17249468
-0.01271194
-0.26564160
0.13546868
-0.04140136
-0.11093462
-0.06033885
0.05685472
-0.03296160
0.07765185
0.23264855
0.05265816
0.00012133
-0.11535405
0.04665015
0.21543895
0.02401498
-0.00497816
-0.03355391
-0.02473342
-0.04208948
-0.05985505
-0.02771772
-0.04764796
-0.23638625
0.02148329
-0.16116290
0.03508810
-0.03033523
0.07167578
0.36676589
-0.10804843
0.06420359
-0.12655666
-0.07610450
-0.10231640
-0.05580956
0.23524924
0.32418635
0.30016732
0.19634426
-0.26636496
0.04680671
-0.00442546
0.20000267
0.16654833
0.00124656
0.00168646
-0.03061331
-0.04023941
-0.05637764
-0.14425811
0.23230658
-0.08574529
-0.06673231
0.07080859
-0.00670976
-0.01331996
-0.12000258
-0.04953610
0.31981966
0.18199170
-0.08508550
0.27321386
-0.15072566
-0.03039711
0.10881433
0.23437941
-0.09129059
0.29260477
-0.14393385
-0.06887780
0.02384160
0.02093172
0.07837851
0.14331865
-0.03188521
0.00054629
-0.07471729
-0.04440514
-0.11143968
-0.02416580
0.11591725
0.15850182
0.23177242
0.01861039
-0.00113966
-0.01242049
0.00293955
-0.06691016
-0.05301078
-0.17355783
-0.01297010
-0.04238473
0.06049587
-0.00657993
-0.11577257
0.30122054
-0.04507125
-0.00451813
-0.02723751
0.04339088
-0.08154550
-0.02992719
0.09769356
0.01897986
0.15497199
0.13339509
0.01142845
-0.00158924
0.03371479
-0.32618806
0.05885441
-0.11415605
0.24453823
-0.21923549
-0.10590868
-0.16550989
-0.03061522
0.03013960
-0.03496558
0.03152459
-0.07670473
-0.04326632
-0.22752799
-0.10983952
0.01276454
-0.08282963
0.00689879
0.00962310
0.19595216
-0.08974406
0.03169532
0.13091055
-0.12364912
-0.13952184
-0.09175558
-0.08283175
-0.20181499
-0.03002984
-0.01877659
0.17052282
-0.03496284
-0.18509926
0.04968327
0.10588700
-0.04407348
-0.08612213
0.31430879
0.38171968
-0.02339243
0.00505716
0.14122120
-0.02111384
-0.16383512
0.28677386
0.02834074
0.12860464
-0.08575017
0.28029242
0.03650256
0.05838144
-0.02103842
0.23258187
0.01103198
-0.11661208
0.06736903
-0.33771214
0.06162956
0.00579215
-0.06233628
-0.04967162
-0.08390401
-0.14692718
0.07441837
0.03272787
-0.03257291
-0.00948160
-0.05824175
0.28965563
-0.37553275
-0.07803856
0.14657208
-0.04497965
-0.01355111
-0.10548023
-0.19670472
-0.04650245
0.18069804
-0.07553951
0.41815764
0.03886107
-0.08072865
0.02837484
-0.02109858
-0.07954781
0.01243334
-0.14662810
0.02016380
-0.03722043
0.09868723
0.05868418
0.11016895
-0.11545841
0.16914193
0.03988939
0.07957587
0.03770542
0.04974275
0.03503225
0.23435068
0.06041781
0.22156292
0.01908525
0.28546971
0.01581232
-0.01512269
0.16677669
0.04739934
-0.23871492
-0.01692058
0.02627101
-0.00589097
0.01088819
0.03808731
-0.01028381
0.05869460
-0.03963158
-0.07569578
0.04772125
0.04136348
0.00543849
0.01664152
-0.04584412
-0.27873224
0.04714043
0.00797410
-0.04959757
-0.03620689
0.33564508
-0.05045697
0.05326384
0.07843830
0.08550647
0.00288266
0.24711794
-0.06076487
0.25125709
-0.14749868
0.02464685
-0.05142665
0.00530586
0.01021430
-0.05396188
0.02102946
-0.17507444
0.01838329
-0.02617332
-0.09190234
0.30035636
-0.00724205
0.13231494
0.00552841
-0.08930112
-0.04886946
0.02815179
0.42595169
-0.01570011
-0.06098732
0.04034363
0.00082048
0.11271968
0.00217619
0.06706262
-0.02475873
-0.14757878
-0.12382143
-0.15062632
-0.06102412
0.00119448
0.15228288
0.00127962
-0.04276320
0.09033515
-0.03798264
0.24496470
0.17555751
0.09461582
0.12222160
-0.22653921
0.05538778
0.33915949
0.00628765
-0.15782076
-0.14562061
-0.37433526
-0.12528364
-0.15809172
-0.00706244
0.02781769
0.07203965
-0.10594664
0.07635857
-0.11142812
0.12914491
0.03203370
-0.02671080
0.03524990
