shape=[256]
0.01597114
0.00125476
-0.00072883
-0.00073962
-0.00040205
0.02547944
0.00383043
0.03313740
0.00154727
0.01115976
-0.00003369
0.01627548
-0.01343113
0.00127159
-0.00967012
-0.00079001
-0.01326546
-0.00741567
0.00029730
-0.00097862
0.03098294
-0.00092803
-0.01850979
-0.00058361
-0.00354829
0.01289607
-0.02131608
0.00778570
0.00055476
0.02180884
0.00124028
0.00850028
0.00289254
-0.00325563
0.00557113
-0.02890321
0.00482029
-0.00144428
0.00640034
0.00341582
0.00863535
0.00791798
0.00217985
0.00514290
-0.00037788
0.01045971
0.02044773
0.00910208
-0.00542128
-0.00272330
-0.00293076
-0.00727461
0.00504670
-0.00007946
0.00195361
-0.00018099
0.00439068
-0.00115827
0.00228597
-0.00111967
0.00730566
-0.00605130
-0.00167163
-0.00346468
-0.00722015
0.00258078
-0.00238973
-0.00313768
0.02199411
-0.00439821
0.01744215
-0.00480270
-0.00033344
-0.00134886
-0.00503265
0.00526354
0.00627761
0.00560930
0.00043463
0.00094263
0.00246534
-0.00571276
0.03365912
-0.00052998
0.03711787
-0.00041860
-0.00127003
-0.00593041
0.00164899
0.01036866
-0.00254855
-0.00330644
-0.00419103
0.00635677
-0.01026669
-0.00039872
0.00562211
0.00379711
0.00375694
0.00046529
-0.00290220
-0.00109554
-0.00771962
-0.00342696
0.00236858
0.00447922
-0.00120543
0.00524757
0.01166833
-0.00188769
0.01231137
0.02664669
-0.00583013
0.00525536
-0.00732376
-0.01043665
-0.01836828
0.01118594
-0.01376826
0.00005723
-0.00189324
0.00135812
-0.00102448
0.00017743
-0.01419136
0.00226555
-0.00370707
0.01313462
-0.00603815
-0.00693457
-0.00739713
0.01456876
0.00110896
0.00517096
-0.00259870
-0.01660479
-0.01011812
0.00049122
-0.00754533
-0.00433223
-0.01024161
0.00531911
0.02102895
0.00313067
-0.00887144
0.00673089
0.00135688
-0.00558565
0.00511157
0.01839461
-0.01167902
0.01570249
-0.00555820
-0.00177140
0.00080785
-0.00589647
-0.02143187
-0.00672555
-0.00764813
-0.00723221
-0.00190082
0.00371134
-0.01105674
-0.00476074
0.00401506
0.00030892
-0.00610806
-0.00453310
-0.00237342
-0.00284453
0.00531473
-0.00092659
0.00365847
-0.00086535
0.01127703
0.01028401
0.00517269
0.00302068
0.00271202
-0.00118685
-0.00200656
-0.00495587
0.00424138
-0.00317360
-0.00050302
0.00767905
-0.00083815
-0.00241768
0.00364398
0.00872772
-0.00654861
-0.00246563
0.00394916
-0.01050377
-0.00391865
0.00001273
-0.00071759
-0.00581657
0.00202004
-0.01261382
0.00488553
0.00096732
-0.00323877
-0.00302816
-0.00335084
0.00552288
-0.02044472
-0.00553796
0.00345857
-0.00153015
0.01390971
-0.00171696
0.00077415
-0.00165347
-0.00143231
-0.01100377
0.00922070
-0.00393698
-0.00929331
0.02215275
0.02100504
0.00173578
0.00163280
0.00600226
-0.00201304
0.00633399
0.00000250
0.00230237
0.00942599
-0.00143126
0.00016591
0.02956241
0.00105738
0.00023147
0.01259122
-0.00281617
0.01243296
-0.00005738
0.00250126
-0.00999957
-0.00335624
0.01301704
0.00621713
-0.00054341
0.01211952
-0.00851211
-0.00464601
0.00375244
-0.00308070
-0.01070019
-0.00233707
0.01083211
0.00413148
0.00162285
0.00069700
-0.00222259
