shape=[128]
0.04862062
-0.00576284
0.04189466
0.00800965
-0.01794950
-0.00132060
0.01346753
-0.01459817
0.06352925
0.01132588
0.01336194
0.10269566
0.00964766
-0.01443744
0.02451598
0.03192671
-0.00620300
0.05347617
-0.00093064
0.00198371
0.00374322
0.00191228
0.02443882
0.06051898
-0.00749502
0.00744946
-0.00253907
-0.00953079
-0.02703511
-0.00345253
0.05433953
0.02734927
0.08984802
-0.01581078
0.03493829
-0.00419178
-0.00176077
-0.00661365
0.00429684
0.01285874
-0.02305163
0.00390887
-0.00998581
0.02913024
-0.00115621
0.07300020
0.04730227
-0.01397060
0.01035724
0.00574073
0.00020092
-0.00411197
0.00479749
0.01581756
0.03780803
0.02921458
0.00166996
-0.00582409
-0.00071566
-0.00929501
0.00266006
0.01683175
0.09561332
-0.01680317
0.02242685
-0.00483132
-0.01491316
0.01423239
0.00837549
-0.00126209
-0.00174679
-0.01132067
-0.00097413
-0.01007267
-0.01275788
0.00188081
0.01586452
-0.00410765
0.05709303
0.01317498
0.00096829
0.02810590
0.01502139
0.00333074
-0.02429221
-0.00279673
0.02487662
-0.00080789
-0.00662156
0.06246095
-0.01297204
0.01258561
0.00435837
0.00877056
-0.01029309
0.02126325
0.05290802
0.05112363
0.00130752
-0.00000372
0.02686537
-0.00336738
0.00012062
0.03538594
0.00175864
0.04504677
0.02766933
0.06545699
-0.00187861
0.00763812
0.01180731
0.05025445
-0.00985793
0.01509090
0.02858602
-0.00498201
0.00844480
-0.01021423
-0.02120068
-0.03130133
-0.00077738
0.00883930
0.04393855
-0.00301539
-0.00008366
-0.02588321
0.00621026
0.08229609
