shape=[16, 9]
-0.02524023
-0.01359737
0.09419757
-0.03836495
0.01976454
0.07662310
-0.02746905
-0.01757950
0.07738358
0.08161870
-0.03784192
-0.02562757
-0.03348839
0.01724791
-0.03077084
-0.03072798
-0.04525694
0.02382329
0.03332232
-0.03170673
0.08601766
0.00698750
0.01246064
0.12808622
0.07711160
0.07675347
0.14976040
0.17619012
0.16752799
0.10935671
0.31775501
0.29593223
0.21217054
0.28061506
0.23586693
0.17435744
0.13031591
0.27234820
0.20134754
0.25103799
0.38682905
0.29965115
0.16760869
0.37661529
0.35427487
0.18629006
0.30108979
0.32708436
0.13229373
0.22051743
0.26533967
0.04250468
0.02580293
0.10215486
-0.04824347
0.03951344
0.06312636
0.01129834
-0.00389886
0.05825577
0.04546785
0.04700841
0.01717723
0.27321729
0.25836101
0.22680904
0.26861373
0.31739706
0.22528103
0.25293425
0.18688825
0.12829377
-0.07967652
-0.06763026
-0.06302150
-0.01364313
0.08127388
0.08204935
0.09843972
0.08457936
0.06564161
0.16931826
0.10319014
-0.03497042
0.20104373
0.22011988
0.06185524
0.24842231
0.15232220
0.19332224
-0.01880919
-0.00872540
-0.02820683
-0.00554763
-0.04452651
-0.00817964
-0.02401481
-0.03213798
0.06875254
0.30067909
0.28675124
0.18196397
0.17771409
0.19285294
0.12080009
0.09607941
0.13599570
0.03578413
-0.04725947
-0.02825399
-0.02070142
0.01193461
-0.03207251
-0.01156938
0.02186204
0.02282906
-0.05125799
0.03863202
0.07422987
0.12168559
0.00548798
0.10431104
0.15653281
0.01683295
0.03845357
0.07788495
0.06180090
-0.03566136
0.03655954
-0.01165978
-0.04580659
0.02942394
-0.00215678
0.02226929
0.02526247
-0.01938474
-0.03217756
0.06403834
-0.01595085
-0.04125497
0.04888298
0.02242131
0.03799072
-0.02313757
