shape=[10, 128]
0.24937193
0.06347819
-0.12724699
-0.14118828
0.10277124
-0.00680316
0.15979935
-0.07804136
-0.21340264
0.02962703
-0.10904295
0.22164258
0.02085554
-0.03026298
-0.03295492
-0.05312181
-0.01263970
0.19614021
0.02555024
0.04318451
0.00045604
-0.01601210
-0.00338770
0.02838409
-0.03198428
-0.01905816
-0.03288132
-0.11055302
0.01168386
-0.01187168
0.07302286
-0.00554092
-0.09912594
-0.00147434
0.00117211
-0.13839719
-0.09958601
-0.15058871
-0.08542214
-0.06656988
0.04030798
-0.11973950
-0.02910488
0.09883516
0.10854167
-0.09837419
-0.03756888
0.08556467
-0.12248302
0.01652305
0.00531813
-0.11907309
-0.07476673
0.05029132
-0.00206166
-0.02680459
-0.11831678
0.03251244
0.10796101
0.03866742
-0.08288503
-0.01619879
-0.05131515
-0.13263664
-0.11199082
0.04437136
0.11039577
-0.07953009
0.04213717
-0.00859321
0.04518152
0.02483340
0.00148245
-0.00978671
-0.02961083
0.09112122
0.01655393
-0.01894538
-0.11217434
-0.03181418
-0.06120511
0.05883309
-0.08053691
-0.00224515
0.23750395
-0.01691871
0.00651283
0.03171605
0.00943444
0.01935366
0.07427938
-0.06563672
-0.16627912
0.00613807
-0.10185517
0.02643375
-0.06192417
-0.01558306
0.20490232
-0.04361866
0.05559135
0.04897010
-0.04981928
-0.04614003
0.08518100
0.00592018
-0.17998753
0.03762431
-0.00617917
-0.16275716
-0.02219364
-0.18313646
-0.01890256
0.03181649
-0.09148090
0.08280697
0.05552147
0.04137233
-0.22413068
-0.08728455
0.01005637
0.11083680
-0.03600996
-0.08164147
-0.05687723
-0.10126273
-0.06291293
-0.09990471
-0.12371293
-0.06311964
0.00817735
0.02962620
-0.00815223
0.04124802
-0.05604390
0.06988429
0.07547931
0.04177098
0.04493150
-0.15571380
0.01700326
0.02899189
0.01792081
0.00757999
0.05836676
-0.09720029
-0.09652328
0.04225491
0.03277789
-0.15935022
-0.05959114
-0.14228056
-0.10319228
0.02365183
-0.08352156
-0.17403747
0.06343779
-0.00188988
-0.02617477
-0.01525188
0.01002124
-0.05059201
0.02507500
0.02865433
-0.03395559
0.08129853
-0.12472605
-0.01063232
-0.04958413
0.00232142
-0.00518294
-0.17337713
-0.13513812
0.11048611
0.19960915
-0.11674359
-0.04083855
-0.08720066
-0.05469948
-0.10726010
0.09102141
0.04783915
0.10397175
-0.03406809
0.20123570
-0.01249528
-0.06203183
-0.04325607
-0.02122756
0.10179744
0.15640897
0.13512237
-0.06837376
-0.01915477
-0.04241172
-0.00054544
-0.02631015
-0.01016709
0.03998997
0.02527209
-0.02359015
-0.01071208
-0.02120331
-0.07314994
-0.00938488
-0.01035475
-0.07428183
0.03472113
-0.08664062
-0.24943565
0.09260557
0.13013385
-0.15754102
0.00231732
-0.01442610
-0.07672696
0.01135343
0.02885446
-0.04912773
-0.05079762
0.23623134
0.00539623
0.02123402
-0.04615152
-0.05585363
0.04905494
-0.11413429
-0.04631001
-0.12603949
-0.03832713
0.03315386
0.02921201
-0.24626899
-0.04825600
0.14260229
0.00673362
0.11260868
0.17020518
0.07378788
-0.02869412
-0.01573912
0.03197327
0.12521629
-0.07983483
0.01125013
-0.01919028
0.06584553
-0.11523849
0.04543425
-0.21953188
0.04692682
-0.08282222
0.03933338
0.09732933
0.06612691
0.20291847
-0.06657586
-0.03979716
-0.03715112
0.14045528
0.13327898
-0.07628459
-0.00934682
0.00141799
0.07836396
0.02919652
-0.01730751
0.10421789
-0.00325432
-0.03674889
0.06397442
0.02517402
-0.00430807
0.12986580
0.12555665
0.03134781
0.00673356
0.13705119
-0.03292236
-0.13796124
-0.15770651
0.05917100
0.00502067
0.06563649
-0.01819203
0.02089137
0.00088512
-0.03401791
-0.01174993
0.03882743
-0.01885058
-0.02780783
0.11272047
0.19520816
0.06428303
0.09014008
-0.00010038
-0.06227002
-0.01046377
0.10787094
-0.07493127
-0.07947060
0.07079650
-0.13802135
-0.03831163
0.04272296
-0.01870582
0.04314576
0.10760103
0.04442034
-0.03290773
-0.01652252
-0.12288045
0.09025482
0.17705600
-0.03491504
0.05589854
-0.04260323
-0.03931771
-0.02641941
-0.07152673
0.01704755
0.10423221
0.08265470
-0.00104197
-0.03798270
-0.04411655
0.01761582
-0.03767207
-0.00482451
-0.02884560
-0.04639937
0.02410449
0.00758349
-0.23175707
0.03798602
-0.04992717
-0.05025155
-0.06550138
0.13878576
-0.10236493
-0.11320037
-0.03102618
-0.07358131
0.02705785
0.00733119
0.06080348
0.02856972
-0.08439024
0.05956426
-0.05388013
-0.06517533
-0.06650082
0.21534857
0.20055734
-0.01609175
-0.09545050
0.02118483
0.01288680
-0.08589819
0.07819933
-0.01863909
0.00184296
-0.02801608
0.15029776
0.12329486
-0.09139029
-0.00452976
0.03346274
-0.03279397
0.04209954
0.17263502
-0.01688676
-0.02377664
-0.13912235
0.12726939
-0.10947407
-0.13556768
-0.00202273
-0.05208634
-0.03681205
-0.06272296
-0.06726407
0.06772152
-0.13674924
-0.05563932
-0.04691835
0.10860729
0.00243060
0.00158070
0.00158480
0.07451148
0.11490177
0.04126808
0.20113587
-0.09973299
0.02260012
0.01993235
-0.04998786
0.06319179
-0.09177400
0.09297790
0.00299660
-0.00400241
-0.03847345
0.01907553
0.05620781
0.02154879
0.15827256
0.04589474
0.19009641
-0.01416930
0.01214551
-0.04596161
-0.06934698
-0.02426948
-0.09224042
-0.02594966
0.03355567
-0.06472391
-0.06711609
0.00957844
-0.08007255
0.17142379
-0.04585811
0.15587018
0.01864927
0.06818441
0.00291317
-0.12420942
-0.09340812
-0.12960958
-0.00746672
0.10128340
0.02556052
0.13525507
0.02441182
-0.00395772
-0.03167788
-0.02593608
-0.06613478
-0.00435805
-0.10152727
-0.03719134
-0.01267393
0.04020330
-0.08320155
0.02802915
0.00399470
-0.04017818
0.02161435
0.17904124
-0.04111085
0.01618754
-0.01977624
-0.01340324
0.01400844
0.03525812
0.03119916
-0.02971974
0.02575479
-0.01441373
0.10803215
0.03628361
0.12128367
0.04011184
-0.07696275
0.00599906
-0.05262628
-0.05844909
0.04271175
0.02249055
-0.04713724
-0.04771842
0.15586506
-0.00988260
-0.10873098
-0.03161119
-0.11027244
0.03456762
0.07105990
-0.06334302
0.01896064
0.12389885
-0.03217596
-0.05726348
0.00023049
-0.01031823
0.02431994
0.05544171
-0.14290223
0.03275692
-0.06660661
-0.04179396
-0.04455610
0.12622543
0.01268912
0.01525949
-0.05500112
-0.10503926
-0.02888406
0.03928880
0.03273759
-0.04409612
-0.00077531
-0.06305258
-0.01794452
0.01442207
-0.04860529
0.01800888
-0.03508862
-0.02972058
0.05078571
-0.16381556
0.22765732
-0.00429815
-0.04872632
-0.00436850
-0.06615505
-0.05419488
-0.16563800
-0.04697643
-0.07788782
-0.06056453
0.01572138
-0.00475634
0.00769787
-0.05765741
-0.12296136
-0.05706633
0.02230136
0.01765440
0.03838725
0.10258534
0.01101548
0.05116666
0.03152437
-0.05584570
-0.12592915
0.10249140
0.00042129
-0.00359057
0.05802460
-0.04031096
-0.03392494
0.02087129
-0.00155059
0.14669593
0.09843031
0.06024535
0.22769268
-0.00297025
0.06348688
-0.06805076
0.01188139
-0.00513931
0.03409551
-0.00733290
-0.10104212
0.21017206
0.07742218
0.08164750
0.03894166
0.05661504
-0.09835640
-0.02504211
-0.04099946
-0.00306358
-0.01174203
-0.10152457
-0.03692652
0.05225541
-0.04984555
0.03001891
-0.04411773
-0.12474823
0.04723050
-0.11872368
-0.02956390
-0.17505911
-0.10893171
-0.00370240
0.03372238
-0.03137865
0.01151645
-0.01246121
0.04635449
-0.05261919
-0.02894135
0.01732714
0.13691369
-0.01197266
-0.08135638
0.12096713
-0.10387604
-0.02923905
0.00954655
0.14488344
-0.01532940
-0.02560087
-0.03046446
0.03801886
-0.06346276
0.07344680
-0.05174313
0.00125665
0.18674657
0.13979794
-0.01980804
-0.14060679
-0.09555566
-0.01160355
0.03972154
0.00046454
0.01973592
-0.02618396
-0.00448862
0.00636600
0.18965203
-0.02148100
0.02424348
-0.03525760
0.22978951
0.11618409
0.02224763
-0.04664027
-0.02318450
-0.02882330
-0.00593535
0.04443336
0.02008191
0.15821965
0.00144420
-0.00847936
0.03510924
-0.07859973
-0.00131746
-0.02716042
0.09563247
-0.08611856
0.03437084
0.07765581
-0.07875243
-0.05398726
-0.00361478
0.07349530
0.09140731
0.08643686
-0.00618938
0.05526330
0.08027527
-0.07871866
0.10165348
-0.00179519
-0.00710488
-0.06371376
-0.02239065
0.05881366
-0.08284692
0.02366985
-0.00788370
-0.12750465
0.05413685
0.13865724
0.12205928
-0.03989321
0.09617762
-0.11742881
-0.00812100
0.05501518
0.04521592
-0.03842065
-0.01757328
0.00024743
-0.01084596
-0.09214666
-0.03592879
-0.08812398
0.02449023
-0.00594337
-0.04579665
0.10352693
0.02744693
0.04141872
0.06115833
-0.07987642
-0.14376147
0.03996819
-0.08087348
-0.05296195
-0.04363363
-0.03095920
-0.00352451
-0.00287347
-0.01434761
-0.00665006
-0.10646203
0.01444791
-0.11591694
0.03805681
-0.01547652
-0.03943599
0.08348531
0.07286785
-0.01661073
0.06896499
-0.08734060
-0.10322212
0.17404760
0.03056305
0.00924404
0.01772456
0.03420359
-0.04561103
0.00768227
0.11932243
0.04474330
0.02101477
0.18465377
0.02145071
0.05239435
0.02202995
0.10391244
-0.00725461
0.06481758
-0.02709409
-0.02293373
0.16323757
-0.05227553
-0.00140839
0.05385751
0.03187797
-0.05103071
0.04581795
-0.04181315
-0.05778246
-0.00126503
-0.02717938
0.06419203
0.07487079
0.15172808
-0.03245876
-0.03115809
0.00219762
0.13868919
-0.02329829
-0.06061421
-0.00716054
-0.06550752
-0.13421300
0.00693441
-0.14755207
0.01368689
-0.01945297
-0.00993132
-0.01113827
-0.00617942
-0.04000574
0.06991269
-0.10156307
0.07534964
0.17815179
-0.02564243
-0.11728151
0.10894370
0.02072398
0.05589713
-0.06584821
0.07888411
-0.12818639
0.10086320
0.07006877
-0.00511642
0.09038188
-0.05480258
-0.04597170
-0.13338192
0.04211867
-0.06773368
-0.12426061
0.00950737
-0.00580803
0.02955393
-0.08464789
0.06537935
-0.06504945
0.14951350
0.02626467
-0.04924611
-0.05382870
0.06162493
-0.05955546
-0.08123485
-0.07045252
-0.15531257
-0.03758097
-0.04081002
-0.04201845
0.07662363
-0.11400429
0.01913417
-0.02600428
-0.05336935
-0.06438979
0.15634455
0.05800026
0.08644149
-0.11616818
0.17776711
-0.00866674
0.03434281
0.02960226
-0.13153459
-0.11063077
-0.07497629
0.12393878
0.00013906
0.00088776
-0.05316690
-0.09866761
0.03030365
-0.01545177
-0.03213847
0.04070747
-0.12195891
-0.03630552
0.01007949
-0.01788560
-0.05584955
0.00540436
0.00333537
-0.03823826
-0.05913511
-0.10529774
-0.20684522
-0.19894671
0.08138046
0.02499063
0.00857715
-0.04934945
0.01102867
0.05093624
0.01498803
-0.12721331
-0.00127058
-0.02283621
0.19329545
0.03574868
-0.10523254
-0.15897478
-0.07104013
-0.00341079
0.06469271
-0.01971844
0.04395114
0.03860369
0.04397773
-0.03939468
-0.07066469
-0.05690441
0.08194747
-0.01871497
0.04267298
0.06822637
-0.09973241
-0.04124866
0.05989201
-0.13051994
-0.03746675
0.05409303
0.01037007
-0.00728214
0.28684404
-0.02965876
0.19106983
0.04258171
-0.03786547
0.03617333
0.13464552
0.09551553
-0.01446312
0.03866455
-0.04887199
0.10495681
0.03446275
-0.01025851
-0.09997793
-0.00860159
0.11079031
0.03657600
-0.02164035
-0.08974800
0.04187823
0.10813881
-0.03151481
-0.02860191
-0.04925763
0.17579854
-0.08905639
-0.09001417
0.03413197
-0.01543218
-0.06511430
-0.10952244
0.02454539
0.00727072
-0.12860821
0.12124829
-0.03985886
0.03797013
0.03286652
0.04150904
-0.04739777
-0.13045619
-0.11912832
-0.01696626
0.00972959
0.06570150
-0.02303659
0.03340967
0.03258685
0.00565574
0.05852888
0.12347711
-0.01888452
-0.02307392
-0.07067654
0.14404917
0.04233871
-0.03086569
-0.03335151
0.02667589
-0.08150991
-0.02905317
-0.11563889
0.12521596
-0.06162003
-0.17207661
-0.03092570
-0.07516316
0.10863835
0.09500577
0.08300504
-0.08238854
0.10106425
0.06797519
0.00495458
0.05312033
-0.11974983
0.00236433
0.04167277
-0.04128631
-0.02325878
0.15095720
-0.02474105
-0.05002283
0.00331640
-0.00708422
-0.01808344
0.04794784
0.02248077
-0.04596042
0.10049936
0.20841675
-0.16224810
0.04102097
0.04460259
-0.02973741
-0.02068489
0.04366403
0.04981266
0.09550824
-0.00804840
0.03559763
-0.23389387
0.04346649
0.08605744
0.15519394
-0.00880557
-0.11699995
-0.04301736
-0.00025594
-0.02399313
-0.07407259
0.02892924
-0.02673059
-0.09044650
-0.01686105
-0.06483538
0.06030415
-0.01939812
-0.01726413
0.13286455
0.02709436
-0.17889211
0.10794712
-0.04811939
0.04836800
0.01029688
-0.07789564
-0.30605811
0.03670604
-0.14593601
-0.01782447
0.00970816
-0.02218297
-0.24504676
0.02234923
0.02586581
-0.02566828
0.08087876
-0.12735307
0.04974550
0.02263030
0.08244281
0.00443377
-0.21011089
-0.06489208
-0.02056562
0.23695245
-0.04404789
-0.07979622
-0.11359493
-0.02833781
-0.08431002
0.12311303
-0.04915481
0.00129522
-0.03215647
-0.05255679
0.12152940
-0.01615796
0.12945414
-0.04055922
-0.03592009
0.10571165
0.06860042
0.04880893
0.04419553
0.02822886
0.14822140
0.08157052
0.12693246
0.07136011
-0.02498494
-0.05359103
-0.03590740
-0.08175531
0.03713710
0.00507877
0.15472157
-0.02623646
-0.03053705
0.01214333
-0.10127407
0.03702600
-0.01353280
0.00660153
-0.03315783
0.01643368
0.00452760
-0.07740985
-0.00133399
-0.05441562
0.04343947
-0.02150409
0.01121965
-0.05600328
0.03306289
0.00045535
0.00507764
-0.03906974
-0.09300113
-0.03148521
0.01283026
-0.00982868
0.03044564
-0.00286953
-0.08210992
0.03094704
0.18124588
-0.07280798
-0.05592060
-0.02838923
-0.03129422
-0.03066445
-0.04180621
0.07248321
-0.04930345
0.11693265
0.00289233
-0.08002357
0.19062234
0.02065783
0.00515325
0.01219233
0.03113597
0.02194551
-0.03665372
-0.05086406
0.02139625
0.04743967
0.00381069
-0.00975268
0.05301712
-0.03421229
0.18111905
0.06584927
0.00881137
-0.13272265
0.00855809
-0.01836278
-0.03320641
0.03310360
-0.06865564
-0.05562639
0.15185791
-0.03159192
0.02020264
-0.06187523
0.00493784
0.14212608
0.00265896
0.05115726
-0.05207414
-0.02341376
-0.01918719
0.00626466
0.04162820
0.00695567
0.12573342
-0.02514667
0.04121402
-0.04389684
-0.04372924
-0.09112488
0.04636630
-0.02433937
0.11350341
0.15913925
-0.00267181
-0.04104367
0.13603751
-0.08552016
0.11291046
0.07678532
-0.02253754
-0.05610090
0.01399874
-0.01302381
0.10525770
0.02348313
0.02407422
0.14674355
-0.08166837
-0.10452104
0.03955700
-0.02783484
-0.01757019
-0.02448368
0.00268318
0.00594294
0.02598603
-0.03151499
-0.01974547
0.03501440
-0.05798887
-0.03012426
0.00411489
-0.10055616
-0.11597993
0.03713466
0.03452579
0.05441042
-0.03238207
0.05593454
-0.01878037
0.05399335
-0.10581096
0.14510109
0.00360382
-0.00519191
0.04268864
0.10329199
0.03458076
0.00759746
-0.02537987
0.14433312
-0.04046971
-0.03322992
-0.13477558
-0.04939200
-0.08235202
-0.01766185
-0.04312401
-0.03618841
0.11492435
0.18514769
0.02706484
0.06115971
0.10111957
0.07958843
-0.02230870
0.01126421
-0.10074648
0.00018384
-0.01037307
-0.02650402
0.12810263
-0.01653688
-0.00835039
0.01537936
0.04170847
-0.02537604
0.04164747
0.01172613
0.08429796
-0.05088713
0.06376989
0.09194143
-0.12025844
0.02728576
0.01380759
0.01495255
-0.03017521
-0.00045007
0.00731035
0.11407408
-0.01448119
0.03400244
-0.02236575
0.02413070
-0.01260422
0.15151258
-0.02136936
-0.08212796
-0.01435627
0.06221723
-0.01453521
0.00076871
-0.03388049
0.01260032
-0.03749304
0.07676896
-0.02128806
-0.07246907
0.12797669
0.06178232
0.03222721
-0.06727126
-0.07028171
-0.00096220
0.05881446
0.01672450
0.00348145
-0.02121647
-0.13184230
-0.00822702
-0.05633555
-0.02031689
-0.01364537
-0.11724079
0.05439841
0.07757172
0.01436691
-0.04042496
-0.03504054
-0.10248614
-0.01919740
-0.02794988
0.19344197
0.08382235
-0.00203417
0.06247326
0.04673232
0.15574381
-0.03952379
-0.01491227
0.04364890
-0.12950018
