shape=[128]
-0.01390124
0.00750940
0.03391480
-0.00522256
0.00066757
-0.00470913
0.01088947
0.00229408
0.04669867
0.00082130
0.03512198
-0.01175708
0.00197806
-0.00565586
-0.00689560
0.01219196
-0.00882101
-0.00564794
0.01503047
0.00233694
-0.01002865
-0.00253449
0.00703646
0.02926558
0.01226338
0.00066162
0.02786553
0.04424488
0.00202871
-0.00278536
0.00644430
0.01983720
0.00548046
0.00018584
0.00196828
0.02604717
0.01041738
0.02637640
0.00898681
0.01477904
0.00703815
0.00132061
-0.00095884
-0.01031915
0.00107907
0.05483547
0.02986697
0.00423459
0.01150321
0.03279625
-0.00097800
-0.00861948
0.01945405
0.00072547
-0.00000788
-0.00925366
0.04594292
0.03384474
0.01468433
0.00104935
0.01699216
0.00825192
0.03056239
0.04055504
0.01940897
0.01963402
0.03092922
0.03484878
0.01839800
-0.00897241
-0.01045761
0.00002197
-0.00234702
-0.02108508
-0.00509888
0.01947966
-0.00413370
0.00263328
-0.00586882
-0.00187246
0.01941691
-0.00128805
0.01006252
0.00103227
0.01479598
0.01611463
-0.02802744
-0.00487236
-0.02449310
-0.00128818
0.00341732
0.00733637
0.04334328
-0.00210036
0.02739678
-0.00082815
0.00173468
0.00290178
0.01386215
0.00752529
-0.00837419
0.00183875
0.00006136
-0.00686505
-0.01054355
-0.01324687
0.03881355
0.00008566
0.00802230
0.01589661
0.00648504
0.02293062
-0.00787815
-0.00588237
0.01419503
0.01559445
-0.01354675
0.00137972
0.05091966
0.00738124
-0.00271415
-0.00095569
-0.00126997
0.02822744
0.00597023
0.00041075
0.02751139
0.03232376
