shape=[256]
0.00592322
0.00696471
0.00710498
0.00694036
0.00357452
0.00139623
-0.00081699
0.00213009
-0.00069735
0.00106706
0.00601015
0.00044059
0.00866768
-0.00159351
0.00291782
0.00425704
0.00747180
-0.00464673
0.02210448
0.00000386
-0.00342386
-0.00204775
0.00325417
-0.00269429
-0.00148435
0.00073333
0.01210736
0.00362560
-0.00072392
0.00295343
-0.00831488
-0.00596845
-0.00372351
0.01469374
-0.00227790
-0.00233197
0.00070626
0.00979753
0.00884338
-0.00022691
0.00544621
-0.00197326
0.00302713
0.00138211
-0.00147432
0.01420860
-0.01121648
0.00217678
-0.00123548
-0.00009207
-0.00727780
-0.00961745
0.00516475
-0.00096388
-0.00705434
0.00776790
0.00421418
0.00163004
-0.00242616
-0.00112776
0.00490093
0.00171842
-0.00617618
-0.00028299
0.00627376
0.01083043
0.00193123
-0.00050256
0.00134456
0.00056349
-0.00472508
0.00436040
0.01041959
-0.00188128
0.00289015
-0.00898278
-0.00144849
0.00092730
0.00018463
0.00115105
0.00382985
0.00977459
-0.00220022
0.00253728
-0.00183916
0.00585130
0.00192290
-0.00007372
0.00230327
0.00532734
-0.00804874
-0.00013354
0.00053875
0.00328750
0.00858095
0.00010164
0.00125606
-0.00481303
0.00007028
0.00015145
0.00910273
-0.00075761
0.00384577
-0.00605214
0.00511586
0.00065895
0.00791864
0.00479261
-0.00883207
-0.01177400
0.00407470
0.00494113
0.00267747
-0.00821848
0.00577093
-0.00000361
-0.00217893
0.00004985
0.00658057
-0.01309985
-0.00435759
-0.00322422
-0.00422665
0.01081659
0.00991160
0.01310637
0.01027002
-0.00829382
-0.00412901
-0.00108927
-0.00753817
0.00221730
0.00938616
0.00592188
-0.00075368
-0.00150311
0.00267450
-0.00057940
-0.00326201
0.00000043
0.00177522
-0.00064648
0.00919582
0.00420053
-0.00868507
0.01100081
0.00030889
0.00005664
0.00398005
-0.00036070
-0.00500199
-0.00104112
-0.00331872
0.00095319
0.00670964
-0.00135629
-0.00068623
-0.00478874
0.00163250
0.00037661
0.00209639
0.00226265
0.00582604
0.00084794
-0.00108689
0.00587166
0.00314830
-0.00146208
0.00909795
0.00021210
-0.00147401
0.00466146
-0.00934282
0.00456993
0.00004369
0.00441275
0.00689228
-0.00204707
-0.00011758
0.00733234
0.00149448
0.00721166
-0.00974821
-0.00376822
0.00246865
-0.00233161
0.00118376
-0.00370965
-0.00021683
0.00175408
0.00817788
0.00121783
0.00776130
0.00625208
-0.00871479
0.00011184
-0.00092297
0.01275292
0.00986622
0.00314490
0.00152806
0.00188183
0.01462631
-0.00237240
0.00551319
-0.00010328
0.00525850
0.02174303
0.00483592
-0.00297991
0.00038996
0.00196046
0.00151154
-0.00496623
0.00403050
-0.00011448
0.00889251
0.00192654
0.00001859
0.00137054
0.00371800
-0.00045246
-0.00476039
0.00764985
0.01688439
-0.00166128
0.00428832
0.00847865
0.00765651
-0.00017164
-0.00029648
0.00146808
-0.00166734
0.00820398
0.00062178
0.01264468
0.00831399
-0.00033003
-0.00128958
0.00466767
0.00117082
0.00158973
0.00981807
0.00450930
0.00108447
0.00239945
0.00692168
0.00062237
-0.00139091
0.00409870
0.01045304
0.00014117
0.00538069
-0.00326378
-0.00423643
0.00356421
