shape=[16, 9]
-0.01630394
0.00950481
-0.05225844
-0.02054378
-0.05413866
0.01046913
-0.03679348
0.04248802
-0.03088637
-0.03684972
-0.08244935
-0.11206110
-0.13811737
-0.14218390
-0.14988130
-0.08887360
-0.06512731
-0.08317893
-0.01934593
-0.03193115
0.00633160
0.00768151
0.00329468
-0.01344313
-0.01781377
0.00690715
-0.02256867
0.10925518
-0.07917970
-0.18631268
0.14478420
-0.18505982
-0.11054615
-0.04345233
-0.11649627
0.04570233
-0.10373071
0.07292290
0.03989403
-0.06265049
0.22420217
0.11178865
-0.08779398
0.03081419
0.06415022
-0.65880555
-0.35109347
-0.49781111
0.06802777
0.49956936
-0.13301547
-0.59337366
-0.03167184
-0.05876243
0.13447674
0.00072194
-0.32236052
0.26735377
-0.40666845
-0.25484797
-0.02969058
-0.20505248
0.12684771
-0.29447585
-0.12456055
0.25889075
-0.13052589
-0.04679177
0.20112009
-0.23533380
-0.30177113
-0.20159203
0.00372443
0.84753537
0.76382279
-0.53185010
-0.49572405
-0.17964666
-0.39629090
-0.55673349
-0.35692352
0.00017884
-0.02611223
-0.01284501
-0.02921732
0.02068850
0.00454027
-0.02841299
0.00305367
-0.04005235
0.04423092
-0.04014075
-0.20093112
-0.15756935
-0.22055466
-0.28361383
-0.07991214
-0.15699303
-0.03829223
-0.01538295
-0.02582538
-0.06229273
-0.10564382
-0.05941312
-0.07234905
-0.02455878
-0.10011619
-0.13991244
0.31551471
-0.29362771
-0.40132028
0.25972801
-0.29208332
-0.16489279
-0.03710851
-0.19670217
0.06440373
-0.28797382
-0.12111285
-0.03813032
-0.13475308
0.05101850
-0.06411830
0.00642282
-0.00256829
-0.24272870
-0.20052376
-0.18922256
-0.33027250
-0.20316768
-0.16490358
-0.17344378
0.19311900
-0.00233850
0.08255495
0.00509076
-0.44667551
-0.74424559
0.40893200
0.21492165
-0.18224527
0.47275791
0.47638521
-0.13812366
