shape=[10, 128]
0.04257105
-0.15556553
-0.06024007
-0.01647593
0.05847926
0.07479480
0.00004463
-0.18128613
-0.06873620
-0.07657249
-0.00424472
0.03033110
0.09735670
-0.02903050
0.00021115
0.00086018
-0.02103790
-0.18275008
0.06176907
0.10222695
-0.01917305
-0.05975281
0.02751071
0.35464555
-0.04158731
-0.15294975
-0.02551093
-0.04301552
-0.06257384
0.12122859
-0.21097106
-0.16749772
-0.08055843
-0.12974432
0.04424217
-0.16444378
0.07422307
-0.05316623
0.01094101
-0.01689600
-0.14216578
-0.06743627
-0.01923496
0.01336368
0.05399867
0.01233550
-0.00353061
-0.00042646
0.08312737
-0.15864685
0.00637889
-0.31025475
0.10176247
-0.32050094
0.27984419
-0.06567670
-0.08009896
-0.05779471
-0.03013524
0.14114730
0.30802837
-0.06645169
-0.13320258
-0.17116742
0.01675229
0.03186026
-0.06190776
0.10925152
0.28081995
0.04640643
0.01743589
0.03925367
0.01706563
-0.04059998
-0.00150570
0.26495937
-0.02771653
0.01476605
-0.03373114
-0.07400652
-0.02480125
-0.05916304
0.01033899
-0.14947137
-0.04929073
-0.02054378
-0.22823405
-0.21379146
0.14448838
0.06072383
-0.08988754
0.02346844
-0.14940937
-0.06725717
0.03671790
0.19071737
-0.06357326
0.02199229
0.01258565
0.10561863
0.00490959
-0.05977349
0.05160511
0.30709371
0.07232675
0.04353214
0.03725684
-0.02937008
-0.02743134
-0.00026577
-0.21513817
-0.00142669
-0.03777165
0.29261708
-0.05250591
-0.10459948
-0.16353320
0.05762632
-0.10903196
-0.09617893
-0.13067691
-0.09000605
-0.02244404
0.23431517
0.01556869
0.01607432
-0.13785020
-0.04220388
-0.02260279
-0.05039794
-0.07082434
0.05164057
-0.01692530
-0.03914119
0.19739842
0.00137344
0.24130152
-0.09062334
-0.00310846
0.01464736
0.14596267
0.07857952
-0.01807715
-0.05023753
-0.04512272
0.02455779
-0.07080653
-0.18785769
-0.11615396
-0.06639483
-0.14395915
-0.08852903
0.09973811
-0.15937217
0.09050050
-0.05980155
0.09310608
-0.05141887
0.00805556
0.15132692
0.18212588
0.03200910
0.01369678
-0.20297916
0.17698185
0.00975511
-0.08816318
0.04009811
0.09869530
-0.03363198
0.18546653
0.02586918
-0.05297760
-0.04245386
0.03289932
-0.01337388
-0.13924816
0.25545001
-0.15101248
0.21014073
-0.21236581
0.23589481
-0.01923895
0.29090536
-0.29102871
0.30327985
0.10627667
-0.12176987
-0.13181695
0.02308615
0.08384899
0.03785653
0.03835836
-0.08153868
-0.07312032
0.02583171
-0.15062582
-0.14072305
0.10935418
-0.07957271
-0.02578506
-0.06337524
-0.12893604
-0.08275618
0.00198094
0.00707454
-0.17475425
0.00714692
-0.04066923
0.02291200
0.01725278
0.24599460
-0.00259789
0.04213139
0.11738306
0.08816170
-0.24694736
-0.03181860
-0.14715977
-0.03199043
0.02581838
0.02365740
-0.20163916
-0.19219778
-0.06943911
-0.02815013
0.00654439
-0.13667467
0.01275123
-0.02706586
-0.18030408
-0.18013325
-0.12192282
-0.12484777
0.03942443
-0.16550364
-0.08669873
-0.00223857
0.06914933
0.02717876
0.14542019
-0.19367246
0.01675157
-0.11761117
-0.19081710
0.20641345
0.08520052
0.13650730
-0.01659860
0.11177298
-0.16456647
-0.08969443
-0.14230077
-0.08882277
-0.07587087
0.09591401
0.06402552
-0.07171798
-0.06275345
0.09914517
0.05492692
-0.13856134
-0.14863029
-0.12831856
0.10256357
0.29107878
0.00401897
-0.14888601
0.02538026
0.00454074
0.06017656
-0.02144057
-0.04528744
-0.02237999
-0.02091421
0.20713663
-0.13927640
0.30611217
-0.07031555
-0.10957716
-0.00590997
0.03719080
0.02765920
-0.00045096
0.06498466
-0.02242257
0.21146773
0.36865163
-0.13496231
-0.05746778
-0.03749441
0.02220032
-0.05340331
-0.06049199
0.02743688
-0.00974449
-0.19806886
-0.00931372
-0.09308189
0.08337487
0.13376963
-0.01508393
0.05103577
-0.02558609
0.01051919
0.01456166
-0.10432717
-0.05078252
0.46109712
0.30314890
-0.16605869
-0.02102416
-0.10844561
-0.05302078
0.04813069
-0.06097045
0.04188600
0.38947874
0.13082775
-0.06167855
0.01712858
0.18338625
0.15852556
-0.13361877
0.06398717
-0.01963214
-0.03288646
-0.02628105
0.01253300
0.04357561
-0.07361092
0.00071717
-0.00857706
-0.06131660
0.04422667
0.10381934
0.08870471
-0.08694401
0.00703640
-0.10604636
0.10504275
0.01964714
-0.08034045
0.01284975
-0.20685264
-0.03671443
-0.01904744
-0.00118757
0.27852187
-0.01028825
0.00644470
0.26732814
0.05356627
0.02695446
0.07321285
-0.04850057
-0.01924764
-0.07273713
-0.01385691
-0.03120858
-0.15108235
0.28129324
0.02378199
-0.10774894
0.01781956
0.03939549
-0.11807359
0.09598809
0.00788151
0.10176992
-0.01169167
-0.01669073
0.16431491
-0.09996381
-0.08652887
0.19587667
0.10147204
-0.01706792
-0.09817765
-0.10490088
-0.11621735
0.10197030
0.02820109
0.00907045
0.03974202
0.11600617
-0.00181248
0.01836484
-0.06373448
0.13502669
-0.11954430
-0.06629422
-0.07616981
-0.13036932
-0.01035303
-0.03917815
-0.06061289
0.01475836
-0.00229687
0.04951911
-0.02889155
-0.06419645
0.09313440
0.00075682
0.00450286
0.26696071
-0.05545514
-0.18438148
-0.03077403
0.00454655
-0.06951304
0.09490838
0.09669673
-0.06909772
0.00831670
0.06028067
-0.02156776
-0.03305630
-0.02534306
0.05454053
-0.07221947
0.02560730
-0.01629762
-0.03878819
0.02338948
0.06623045
-0.12201034
-0.00443711
0.05998818
-0.01691833
0.05316961
-0.04438755
-0.08810768
-0.01618059
0.25635895
0.31268716
0.27008447
0.13938305
-0.19361655
0.02103818
-0.10704198
-0.08060218
0.02480310
0.21130817
-0.03126644
-0.06750933
0.25825113
-0.05018125
-0.20406753
-0.04769673
0.15976031
-0.11660566
-0.02817272
-0.02075909
-0.05437353
0.09428158
-0.07923686
-0.07077283
-0.00006389
-0.11966755
-0.03287942
-0.00109337
0.02298082
-0.07951192
-0.00414366
0.12726817
0.12966616
0.03492360
0.04832249
0.01255514
-0.06984001
0.39997372
0.28741542
-0.01642978
-0.01153617
-0.05523232
-0.09408197
0.00671570
-0.14310065
-0.03071671
-0.03828553
-0.07109506
0.03649470
0.12891154
-0.01630140
0.18651128
-0.09809139
-0.12729228
-0.03240674
0.07002585
0.01377083
0.02589434
-0.04568534
0.02229312
-0.03404282
-0.06887395
-0.05099232
0.10055268
0.03250512
-0.07055427
-0.00882108
-0.10893176
-0.04653230
-0.12842910
-0.13063094
0.01323807
-0.01916466
-0.14785115
-0.03658595
0.11078711
-0.09091929
-0.03986338
0.05591835
0.06640439
0.23768272
-0.04165996
0.01080503
-0.12180229
0.10519552
0.11643329
-0.08531726
-0.03068205
0.01437173
-0.06639529
-0.15262057
-0.01887662
-0.02147396
-0.00737084
-0.14192332
-0.00048655
-0.13283978
0.06826832
0.09528448
-0.19964978
0.15321684
-0.02385849
-0.00183750
0.00758938
-0.01653481
0.01964610
-0.08538998
-0.06368808
0.33710450
-0.05706788
0.02185660
0.19346422
0.03670955
-0.08131707
-0.03489675
-0.02092524
-0.13303785
0.03653673
0.02806325
-0.05436699
0.01274526
0.11802589
-0.11702564
-0.03390284
0.04343902
0.01002231
0.23612241
-0.05515860
-0.17436901
0.00438366
-0.23923539
-0.25665370
-0.06589039
-0.14174761
0.39740238
-0.10809562
0.01788680
-0.24650089
-0.08364905
-0.01562810
-0.25990707
-0.04946247
-0.17565709
0.08743194
-0.07764217
-0.00682445
-0.01628308
0.08990708
-0.04236233
-0.06082907
-0.06621150
-0.04467427
-0.08973267
-0.03884012
-0.00443233
0.06162263
-0.03115392
0.12609188
0.04354939
0.05807767
0.00086486
-0.55048412
-0.04973321
-0.01632650
0.29353946
-0.13684808
-0.19658287
0.02431000
0.13692896
-0.09133352
0.06690466
0.16359952
0.12019768
-0.19040139
0.13672419
-0.04101504
0.02093405
-0.19241133
-0.03856247
-0.05305696
0.14273784
-0.00809370
-0.11620647
-0.01093183
0.00886419
0.16409777
0.20864947
0.02088956
0.08881471
-0.15583737
-0.04972335
-0.05620002
-0.03432899
-0.02286559
-0.03778691
-0.08641168
0.05959721
-0.11478232
-0.15586501
0.12989706
-0.08803261
-0.11431672
-0.11022188
-0.06904522
0.06525145
-0.06113608
-0.02801568
0.18261634
-0.10486653
-0.00352128
0.02841735
0.17904562
-0.13352081
0.18965159
-0.03213337
-0.09490208
0.04508802
0.18740028
-0.01594050
-0.00013072
-0.00794510
0.02673298
0.13355362
-0.01312008
0.30427897
-0.09023412
-0.03938021
-0.23861082
-0.06908831
0.06706988
-0.04486366
-0.06270505
-0.00181121
-0.06798429
0.05830270
-0.07413483
-0.04204242
-0.12000663
0.01477369
-0.03957513
-0.05426831
-0.18052384
0.00443746
0.06963935
-0.08119125
-0.00619274
0.13238940
0.15400389
0.03972346
-0.03987483
-0.10234997
-0.01878072
-0.01811115
0.03910191
-0.06331555
-0.06901044
0.20081985
0.19105308
-0.25202215
0.02753806
0.07645805
-0.10096227
0.04976070
-0.01617827
-0.04216380
0.13244116
0.07557584
-0.13322003
-0.17995189
0.02206536
-0.07433250
-0.09229961
-0.11768078
0.08697161
-0.10571892
-0.04977326
-0.01390651
0.06343501
-0.04875792
0.07824599
0.20550394
-0.02306671
-0.04268532
-0.00578980
-0.02190348
-0.08898597
-0.00075021
-0.03185181
-0.00841192
0.29312831
-0.02658984
-0.01059756
-0.20670183
0.18164948
0.02373835
-0.04919524
0.00037459
0.00470255
-0.10382912
-0.05276113
-0.12535350
-0.14326805
0.06620366
-0.07996540
0.03395033
0.25348887
0.02911936
-0.02461427
0.01758013
0.14354484
0.39663136
-0.05613606
-0.01661467
0.00172695
0.08576079
0.03832370
-0.22319101
-0.11728326
-0.04998593
-0.07843041
0.23003472
-0.02420247
-0.18231508
-0.03288672
-0.04493545
-0.16735552
-0.05064063
-0.00998626
0.34478480
0.01637742
0.39257053
0.07088962
-0.12867345
-0.00138608
-0.01288232
-0.00496101
-0.14534651
0.03495699
-0.05338313
-0.07596113
0.34423295
0.54784459
0.01299442
-0.02798904
-0.01886451
-0.08552510
0.08638712
-0.02980594
-0.07835898
-0.02304702
0.18956919
-0.04801983
0.05205776
0.08211189
0.04831329
-0.13945612
-0.02891769
0.27922350
-0.00124261
-0.13896294
0.02746682
-0.00152117
-0.02131208
-0.12723972
0.19911934
0.03348337
0.00553128
0.41759720
-0.03382313
-0.19524412
0.12319761
-0.00214056
-0.03200139
-0.00525427
-0.01954053
-0.07210325
-0.02234086
0.02287957
-0.04362775
0.03159314
0.08671698
0.03192727
0.11472114
-0.15296464
-0.15129429
-0.13157240
-0.25394824
-0.12979952
0.16433175
0.00597597
-0.23662806
0.33222887
-0.05501777
-0.07725118
-0.05334965
0.42056456
-0.07969595
-0.09899155
-0.00454775
0.03016842
-0.07459292
0.19789943
-0.04085212
-0.03848090
0.02699513
-0.05340006
-0.04823753
-0.00680220
-0.03295181
0.02328040
-0.01270580
-0.01280366
-0.10954622
-0.05733259
0.06613582
-0.01809490
-0.03641991
0.29019502
0.01588809
-0.01623268
-0.16248973
-0.19089021
-0.11732925
0.04131605
-0.11053134
0.04819787
0.08024193
-0.06598344
0.19068453
-0.26727661
0.20241922
-0.05434332
0.02337616
-0.02858856
-0.01505862
-0.10993687
-0.05220587
0.21815689
-0.13728069
-0.01718196
-0.03528383
-0.11846427
0.09107005
0.04009285
-0.36697808
-0.05154580
-0.00525476
0.04314134
-0.04225145
-0.03263944
-0.19890121
0.06077994
-0.11122579
0.03610484
0.08707830
0.20780812
-0.30406052
0.22218660
0.26736978
-0.03646198
-0.11725835
-0.05588007
-0.00472881
-0.05311720
0.02932029
0.04045459
-0.00058397
-0.10911064
-0.14134930
-0.13396244
-0.01196285
0.06878207
-0.03786675
-0.04122632
0.00683076
-0.03469616
0.06748237
0.13842651
-0.07536794
0.22802150
-0.01623769
0.00566254
0.03915727
0.27354157
-0.03691557
-0.13937673
0.05939585
0.26860115
0.01687365
-0.03148987
-0.01537406
0.04676958
-0.08781886
0.10993615
0.15851903
-0.16802619
-0.02531982
0.40974781
-0.02398577
0.01196796
0.23434821
0.03726279
-0.05584366
-0.07332690
0.00082949
-0.04066598
0.21735176
-0.03037295
-0.05834427
-0.01677597
-0.06929163
0.25244495
-0.04496028
-0.07762189
0.26743335
0.00307751
-0.24107216
-0.05540058
0.03327317
-0.06546522
0.01816623
-0.07735474
-0.13909140
-0.27342501
0.29736146
0.17220519
-0.01937466
-0.08046675
-0.04746392
-0.19407198
0.13932146
0.06054055
0.04519232
0.06183010
0.20657341
-0.04109754
-0.03682678
0.01970228
-0.03753497
0.05552696
0.16312966
0.16587254
0.02477257
-0.00292001
-0.04150793
-0.26714569
-0.02692351
-0.01262597
0.01779596
0.07208941
0.06001775
-0.02420627
0.13268036
-0.02281041
-0.02599721
-0.03236784
0.03623511
0.23601858
-0.13941689
0.02634039
-0.02445281
-0.16895567
0.00854023
0.03280868
0.05922591
-0.11382161
-0.24561219
0.09064216
-0.03585551
-0.01196204
-0.03124120
-0.03493457
0.33332416
0.12207391
0.15650409
-0.25593635
-0.07167178
-0.08657538
0.42425358
0.00607387
0.06719761
0.03250662
-0.04114447
-0.02705653
0.27255020
-0.09070951
-0.33547631
-0.01790391
0.33575758
0.13150273
-0.02803980
0.07211047
-0.04000659
-0.03034409
-0.01867165
-0.10248023
-0.10840828
-0.06162753
-0.06131056
-0.07449326
0.03791958
0.13390771
-0.05411204
-0.04587969
-0.03328787
0.04142590
0.09080572
-0.05716082
-0.12257481
-0.17882477
-0.13727602
-0.10001995
-0.08017702
-0.08577695
-0.04622107
0.04824478
-0.06944963
0.01046251
-0.06974812
-0.03201613
-0.03484150
-0.24537942
-0.05835810
-0.12052505
-0.01851040
0.06522763
-0.09283575
0.03537324
-0.07351938
-0.03023889
0.14689615
0.02016421
0.01821172
-0.01268388
-0.10271491
-0.00601044
-0.04357365
-0.02834676
-0.04583944
-0.18708523
0.10310287
0.00723625
0.03240608
0.09368274
0.04606990
0.12510991
-0.08287038
-0.12956589
-0.04675017
-0.02800800
0.08567952
-0.15651093
-0.01495227
-0.05111148
0.43030250
-0.06509888
-0.00387195
0.01585315
-0.08870413
0.04386649
0.03519978
-0.01865174
-0.05988125
0.07584203
0.17800957
0.01498866
-0.02091992
-0.01741295
-0.05616976
-0.00286609
-0.05622152
0.01120137
-0.00444831
0.32472771
-0.07868000
0.01344414
-0.18497601
-0.02776165
0.00257732
-0.02407205
0.03123960
0.17861696
-0.01859108
0.03756673
-0.10750137
0.30481657
-0.05576556
0.05214530
0.03987117
-0.03757945
0.03158226
-0.03806149
-0.10003578
-0.07855421
0.32371300
-0.09549738
0.05158398
-0.01730954
-0.01188425
0.00873508
0.09164611
0.28475991
-0.04490191
0.02627147
-0.04396807
0.14176266
-0.06433463
0.16616948
0.07406313
0.20003371
0.49467197
-0.15208316
0.16846567
-0.05054605
0.10855265
-0.04475392
-0.00504409
-0.03298720
-0.00174283
-0.07223444
0.35027191
-0.00929111
-0.00880056
-0.00497164
-0.16730766
-0.23721418
-0.03900452
0.04006381
-0.00516809
0.04130854
-0.01875191
-0.04845115
-0.00913451
0.01342176
-0.03387948
0.03520781
-0.06972508
-0.04036504
0.07824424
-0.08682627
0.14985594
-0.04939681
-0.02306859
0.28987336
-0.02884429
0.04165149
-0.00240293
0.10543665
-0.21730767
-0.14606383
0.01427262
-0.10469535
-0.01147577
0.15514970
-0.06660009
0.10995555
0.10899979
-0.04055680
-0.06797617
-0.07190076
-0.00681548
-0.06721228
-0.05149088
0.02474823
-0.02355398
-0.01555612
0.01921954
0.06194814
-0.05916417
-0.03783043
-0.21066105
-0.18398231
-0.08527035
-0.08673738
0.44394857
-0.10958010
0.04169415
-0.00067685
-0.03372873
-0.16528113
-0.14747149
0.13294668
-0.03930869
-0.01725665
-0.01270407
-0.09891616
-0.05130449
0.02527310
-0.00894780
-0.03654895
0.05571563
0.01457691
-0.06121166
-0.05372273
0.01904869
-0.05919957
0.17236261
0.14363560
0.01520358
0.01514501
-0.00303846
-0.19991378
-0.00173836
-0.03050951
0.44502828
-0.07156512
0.10452272
-0.01876971
0.11290120
-0.07755785
-0.08882914
-0.05190647
0.15625116
-0.14933816
-0.13935280
0.11680362
-0.00328716
0.14535846
0.02057835
0.11946057
0.12279759
0.00411177
0.02425748
-0.09164713
0.00833480
0.29268587
-0.09639360
-0.00324665
0.31206846
-0.08100927
0.03940000
0.05854365
0.00231573
0.21744503
0.33833271
-0.02575193
0.14303960
-0.00842889
-0.16575702
-0.13986859
-0.06610919
0.03487951
-0.07871222
-0.02508707
0.05813098
0.08953364
