shape=[128]
-0.00403014
0.05308449
0.03372030
-0.00236449
-0.02008653
-0.02613175
-0.01067862
0.05641689
0.07153541
-0.05478744
-0.02577830
0.06255842
0.04892096
-0.01126381
-0.00643767
-0.02347553
0.01063297
-0.00423831
-0.07608666
-0.03260360
0.02930723
0.00042453
0.02428638
0.00144552
0.00712870
0.00697097
0.01892632
-0.00556344
-0.01569303
-0.01169111
0.01146594
0.05059448
0.02952962
-0.07596491
0.00166590
-0.00619289
0.06997856
-0.00835268
-0.00708507
-0.00358875
0.09043507
-0.01954461
0.08438319
0.00941341
-0.01755871
-0.00930502
0.00923061
-0.01085198
0.02804331
0.05196499
0.01886834
0.02977875
0.02412728
0.07692008
0.03173338
0.13730457
0.04834290
0.15434344
0.00767297
0.00758876
0.03553846
-0.08844746
0.06201145
0.00659172
0.12064715
0.00273835
-0.00539067
0.04526043
-0.04019465
-0.03242605
0.04446369
-0.02020302
-0.04634015
0.00704632
0.04294882
0.00265075
-0.01797293
0.00578695
0.02029462
0.01171554
-0.02115341
0.00094003
-0.01680072
0.16450822
0.00551199
-0.01240202
0.08880909
0.05564695
0.04129957
0.00192677
0.04225292
0.00699981
-0.00128896
0.02107468
0.01388345
0.01897264
0.00774489
-0.00801720
-0.01058479
0.00857578
-0.00442015
0.00221739
0.04031040
-0.02338770
0.08115246
-0.03685553
0.01019398
0.02100297
0.02398037
-0.00914813
0.12554824
0.08206884
-0.00274521
0.03037018
-0.05948403
0.02377962
-0.06176353
0.10314538
0.03984267
0.08823841
0.11569039
0.07512732
0.03541532
-0.00883678
0.02112932
-0.00795432
-0.00060475
-0.00772613
