shape=[256]
0.01453111
0.04032126
0.00009310
-0.00686975
-0.00954421
0.04586932
-0.00447732
-0.00791599
-0.01014824
0.04551027
-0.04188977
0.04036568
-0.04528311
-0.00791346
0.01688530
-0.03469435
-0.04023166
-0.01001876
-0.00500236
0.07465752
0.00193231
-0.02977118
0.00837319
-0.05676918
0.03856137
-0.01245754
-0.02955011
-0.00597422
-0.01104714
-0.02782439
-0.00758099
0.00231215
0.01037775
0.00455239
-0.02645599
0.01204083
0.02843159
-0.00880727
-0.00745774
-0.00100858
0.00770489
0.00929304
0.01147802
-0.01416850
-0.00160579
-0.02235063
-0.04925738
0.00707673
-0.01263040
-0.03676315
0.04869409
-0.00332161
-0.03076749
-0.01248897
-0.01043281
-0.00335953
-0.02819194
-0.03499231
-0.00675609
-0.03171471
-0.04218542
-0.01185626
0.01874475
0.00917493
-0.03132654
0.01180726
-0.02192592
-0.02028416
-0.00105359
0.04245050
-0.00765778
0.02917913
-0.00286957
-0.00643350
-0.00109875
-0.00186251
0.03296468
0.03032760
0.02338315
0.00105517
-0.02401348
-0.00527048
-0.00936893
-0.00068480
-0.04095422
-0.00559219
-0.00612096
-0.01377516
-0.05556234
-0.00492075
-0.00159299
-0.07210114
-0.00666169
-0.01028227
-0.00537527
-0.01297057
0.00890691
-0.01846717
0.00694499
-0.00486294
-0.02310753
-0.03030259
0.02588434
-0.05025848
0.01344803
-0.01767424
0.01381925
0.01017829
-0.00379387
-0.00113239
0.05679588
-0.00711517
-0.00687260
-0.01049274
-0.01284739
0.00081202
0.00028807
-0.03723243
-0.01762999
0.01286857
0.03754726
-0.00841600
0.00887412
0.06478123
0.02899171
-0.00399102
-0.00245626
0.01593222
-0.02023754
0.00121825
-0.00480916
0.00028949
-0.00228624
-0.00936871
0.00267330
-0.00916586
0.05999979
-0.03107079
-0.00021084
0.02153451
-0.01087243
0.00230094
-0.02028269
-0.01043425
0.02629983
-0.02076975
-0.01172450
0.00208256
-0.01381756
-0.00909611
-0.00037947
-0.00572739
-0.01923217
-0.00433062
0.00454262
0.01464404
-0.00623679
-0.01539133
0.00559406
-0.00734712
-0.00207100
0.08746888
-0.01048274
0.00338520
-0.02145572
0.01072779
-0.00641967
0.00673536
-0.01328343
-0.00652870
-0.00814585
0.01885775
-0.00555269
-0.01432873
-0.00871042
0.03419545
-0.02666497
-0.02633304
0.00904245
-0.01561894
0.02376720
0.02400099
0.00312622
0.03303090
-0.00894704
0.00535042
-0.00211312
-0.00437784
0.06119600
-0.01072317
-0.01203772
-0.02816872
-0.00001464
-0.01269342
0.02186356
-0.00454761
0.00290887
-0.01420624
-0.01255079
-0.00938831
-0.01080025
0.02903120
0.04207296
0.01152940
0.00061045
-0.05015551
-0.00276138
-0.00841175
-0.00610631
0.00228382
0.05039082
0.00559169
0.00218361
0.00281940
-0.00561836
-0.01196143
0.03488245
0.01869009
0.03381457
-0.00808412
0.00064686
-0.00199584
0.03573586
0.02069397
-0.00632717
0.01895357
0.09507421
-0.00111748
-0.00557693
0.02357995
0.00384963
-0.01196922
0.06411357
-0.00817989
0.00414963
0.05229503
-0.00322758
0.02442503
-0.01005769
0.00468205
0.00289738
-0.01001205
-0.00985750
0.02649975
0.04736007
0.00736487
-0.02673285
0.02592532
-0.00637002
0.00681315
-0.01350269
-0.01080328
0.01146484
0.03214008
-0.01124180
-0.04287987
