shape=[16, 9]
-60680.10156250
-67573.21093750
-61332.00781250
-62094.46093750
-66415.97656250
-58089.33984375
-54734.20703125
-58566.77734375
-49405.44921875
-58002.76562500
-65177.51171875
-53684.75000000
-61825.81640625
-64486.14062500
-51413.85156250
-58669.07031250
-61265.36328125
-40419.69921875
-56546.07812500
-63212.37890625
-53852.53906250
-58185.01171875
-61189.40234375
-55194.21093750
-54172.87500000
-58523.63671875
-51219.33984375
-58121.94531250
-66173.14843750
-60256.01171875
-59481.92968750
-64085.98828125
-59691.04296875
-56501.30859375
-61828.43359375
-51237.05859375
-57095.98828125
-64981.54687500
-59540.91015625
-60074.15625000
-64395.51171875
-57988.05859375
-53485.61328125
-60721.05078125
-48125.65625000
-60794.64843750
-67908.57812500
-61201.01953125
-61346.29687500
-65445.26562500
-60946.10546875
-54515.53515625
-61738.39062500
-54816.43359375
-57907.81250000
-67551.29687500
-59254.11718750
-59806.28906250
-65343.78906250
-60292.67187500
-59071.69531250
-64075.32812500
-54692.55078125
-60096.71484375
-66508.75781250
-60890.49609375
-61045.44140625
-66065.96875000
-59983.18750000
-54124.30468750
-61407.00781250
-49305.14453125
-55647.42187500
-64364.23046875
-57886.58984375
-60625.23437500
-63782.32031250
-54700.85937500
-56467.37890625
-60385.50781250
-44228.60156250
-57727.85546875
-65363.17968750
-58273.55078125
-59626.19140625
-64785.36718750
-58046.65234375
-57852.05078125
-61441.92968750
-48533.43359375
-56035.15625000
-64615.44921875
-56724.08203125
-61066.21093750
-63742.71093750
-59742.94140625
-58369.98046875
-63711.96875000
-53111.25000000
-55842.35156250
-63230.73828125
-57007.12500000
-59039.37109375
-63119.59375000
-58305.83203125
-57302.00000000
-62310.53515625
-51567.59765625
-61259.49218750
-66053.84375000
-59815.28125000
-62138.42187500
-65447.05859375
-56661.27343750
-54002.77343750
-60271.25781250
-44664.39453125
-57996.81640625
-64740.69921875
-58082.32812500
-58448.71875000
-61926.66796875
-57741.41796875
-51728.52734375
-58516.94140625
-51911.03906250
-56893.35937500
-64442.07421875
-58971.68359375
-58139.14062500
-62326.77734375
-58430.89843750
-54865.82421875
-60382.27343750
-50875.10937500
-57524.43359375
-64977.94531250
-57587.83593750
-58627.92968750
-62771.27734375
-58588.07031250
-56846.42968750
-60973.43359375
-50275.57421875
