shape=[10, 128]
0.51396585
0.31248006
0.21931003
0.26678145
0.87441331
0.52928507
1.81690466
0.66980487
1.15782046
0.32020780
0.75253451
1.62304628
0.97604895
0.06567230
0.67034376
0.95613432
1.20098460
0.82941902
1.76552582
0.01979446
0.10857055
0.83892918
0.16377629
0.00499199
0.80381101
1.11556053
0.61591446
1.42444134
1.67738199
2.27714133
0.40775177
1.40230310
0.21146639
0.59891826
0.69977975
2.34141707
0.46541885
1.91623271
0.81188202
0.79055369
0.50316191
0.24174114
1.02828848
0.65379781
0.63187516
0.37622598
0.83313215
2.92773461
1.67251289
0.64337391
0.67474562
1.06826520
0.03778844
0.02290508
0.30740175
0.17315605
0.26906171
0.55686760
2.53925824
0.31649789
0.00361777
0.30470732
0.24210657
0.80390036
0.94131029
1.94608903
0.24306199
0.01769657
0.14844646
0.19511229
2.05801988
1.11377716
0.14288534
2.86355543
0.86052924
0.59201467
0.58567691
1.54603112
0.96323621
0.73253703
0.09037350
2.92286491
1.83143711
0.16505657
1.15304446
0.54455119
0.31169420
0.03266887
0.87724274
0.55005080
0.69375527
0.36653578
0.03717546
0.31662175
1.70818245
0.47302040
1.17560756
0.31809315
0.32959512
1.45352483
0.61552668
0.97822058
0.41744471
0.59089977
0.30467629
0.10258269
0.04090749
2.89167523
0.18485612
1.76850712
0.33016121
0.48517299
0.68806481
0.25474253
0.73218858
0.57857025
2.83572626
0.46406788
0.09193470
2.87400913
1.82231534
0.68625033
1.66172481
1.73484468
0.02469532
0.63366324
1.27030611
0.95894843
0.87089831
0.24288902
0.95559508
0.37984648
0.76473278
0.33687580
0.71487558
0.07707436
0.65074235
0.68484378
0.15242293
0.58150595
0.09038153
0.29663679
0.06771056
0.34361500
0.57017422
0.03025290
0.81588435
0.75643736
0.06525643
0.06730267
0.50701433
0.24456280
0.55657947
0.34920439
0.13695458
0.55997998
0.49231163
0.69173920
0.44930375
0.46702239
0.26598892
0.01160255
0.48032969
0.77750129
0.40959227
0.52691871
0.90757364
0.94674647
0.88996488
0.90170163
0.94790864
0.44509318
0.34760490
0.45823798
0.17822297
0.33451596
0.93419969
0.29865238
0.44785523
0.69651729
0.85948718
0.41646200
0.43762323
0.47602195
0.31707090
0.94981652
0.87212157
0.66074795
0.14363180
0.19637030
0.18717006
0.38234964
0.22618978
0.24186489
0.39020589
0.74826312
0.90002823
0.15754318
0.42611870
0.09414174
0.69070804
0.33087245
0.99973834
0.42315602
0.20297579
0.97967607
0.75128096
0.83566993
0.89039189
0.17330948
0.63816190
0.54402286
0.09737663
0.31384438
0.08882858
0.16450253
0.77932203
0.72249717
0.52286124
0.82896811
0.63223541
0.88044435
0.54966211
0.47020501
0.33737502
0.11462410
0.20132735
0.22833772
0.05697528
0.01006977
0.60118842
0.71781576
0.19009899
0.24816023
0.95692188
0.99510217
0.64370346
0.53048021
0.37715188
0.50818515
0.61285394
0.07114892
0.88301462
0.43492949
0.59068942
0.12277026
0.62038678
0.14118508
0.15685281
0.80419779
0.20460512
0.62550431
0.31656566
0.40726891
0.26619163
0.81887811
0.79743469
0.24292623
0.23898371
0.50991797
0.42098489
0.31309208
0.84475726
0.18597926
0.08305786
0.50537276
0.43768716
0.74429566
0.38632771
0.07111490
0.81966978
0.04674607
0.48586762
0.71695060
0.15861288
0.04826229
0.05079389
0.44587833
0.40776464
0.50042093
0.25320625
0.41581672
0.70751649
0.95343065
0.68352073
0.34517816
0.93547755
0.79254556
0.46847656
0.93213934
0.59929496
0.35013619
0.64716685
0.17609106
0.38700467
0.79273278
0.98086047
0.42144108
0.30913335
0.93378150
0.41702369
0.35234562
0.42662701
0.97714889
0.00800090
0.48805150
0.22767960
0.54370928
0.64189672
0.71292949
0.61259258
0.13261996
0.45200014
0.51063073
0.71112633
0.40936205
0.51162261
0.16270576
0.15524195
0.70090121
0.75924432
0.74198449
0.73245180
0.88260436
0.30881646
0.60890502
0.04178609
0.11903359
0.26820716
0.61626136
0.32435566
0.05522248
0.16352531
0.94045514
0.43183550
0.79180557
0.56675899
0.24805941
0.63309991
0.46639359
0.12756164
0.20056756
0.25828400
0.60908633
0.25349176
0.09259206
0.41869569
0.04621971
0.86337191
0.49644235
0.27856758
0.33127743
0.05136590
0.53337049
0.48135945
0.28666818
0.04406493
0.45946974
0.51254714
0.16002566
0.47275707
0.22178426
0.30657661
0.01442138
0.63282526
0.19852912
0.76897818
0.39703709
0.30181530
0.32339045
0.49424210
0.93964511
0.72223449
0.87627572
0.03080146
0.49291721
0.99061215
0.47590062
0.16778176
0.94774896
0.78222913
0.36283696
0.71173978
0.72769094
0.14889520
0.27301952
0.52681911
0.15642595
0.54590255
0.60932535
0.33514670
0.35570484
0.23416892
0.29359248
0.41622660
0.19468276
0.87841964
0.65110230
0.80411088
0.46635783
0.37679806
0.89135170
0.52385658
0.87665975
0.28035238
0.74859095
0.23816758
0.31264889
0.57643664
0.13714235
0.71880770
0.73205924
0.32498577
0.58018118
0.75064695
0.05301153
0.42787230
0.82816333
0.50849360
0.70478827
0.41832986
0.19416539
0.46014142
0.22523673
0.21419540
0.82992482
0.20094740
0.95082843
0.05200027
0.13032475
0.86217177
0.83208966
0.53892535
0.21405056
0.70942950
0.12528442
0.59883636
0.37393081
0.97082245
0.30151299
0.89473289
0.35674179
0.95913696
0.47631225
0.49332735
0.72457653
0.19195330
0.87726128
0.27426448
0.85632485
0.53858471
0.27552360
0.14748281
0.59238058
0.90118432
0.08918350
0.00953698
0.46646893
0.28130874
0.35825294
0.49370211
0.91083640
0.45982429
0.75199282
0.95283699
0.74646437
0.61885339
0.13477184
0.72008735
0.47736323
0.45340395
0.28093073
0.41716933
0.97816396
0.17486933
0.37609702
0.39802897
0.96107537
0.06161603
0.44847208
0.10179909
0.94323063
0.83128190
0.03082404
0.27665544
0.05025895
0.18777686
0.13265570
0.93588549
0.44091281
0.90274632
0.96857393
0.92381418
0.09306113
0.69263536
0.37196758
0.82514679
0.29249501
0.80956131
0.97541660
0.30172759
0.25274694
0.25401109
0.49503741
0.25265244
0.33061117
0.29063126
0.59518629
0.07859466
0.21900223
0.80747896
0.46444067
0.93587196
0.92715585
0.39343038
0.44883385
0.69779867
0.26484835
0.27313781
0.50332928
0.52811289
0.28419209
0.58189863
0.85488105
0.86420208
0.87370354
0.46058017
0.39132258
0.26393992
0.89548606
0.91402829
0.06501166
0.61408478
0.65259284
0.21904080
0.40846688
0.86920351
0.55081308
0.79660839
0.21970949
0.87735730
0.48333225
0.96796781
0.39714092
0.70973283
0.87227303
0.97076881
0.65086836
0.82511479
0.01521728
0.42773303
0.90132874
0.51389527
0.29258183
0.20872964
0.56612420
0.58075887
0.02257139
0.54163247
0.25983959
0.00702074
0.89577687
0.21229972
0.93440938
0.98258668
0.96409929
0.41338992
0.84491563
0.08306490
0.99930406
0.47152719
0.10657644
0.37494725
0.50175661
0.95683682
0.93347454
0.45532617
0.22475773
0.54226744
0.42773560
0.37279776
0.38892183
0.19480321
0.52367920
0.68162388
0.77436131
0.29135081
0.74947923
0.38531309
0.76574647
0.32099438
0.87046438
0.84041166
0.69039714
0.07616785
0.46330643
0.50508714
0.35914773
0.92908186
0.82833183
0.78008938
0.00075382
0.81287682
0.66026652
0.60334599
0.78816652
0.61003172
0.95927423
0.06057941
0.49356949
0.19759180
0.94114894
0.05143482
0.61302137
0.41139737
0.10905354
0.32484242
0.37735236
0.47646248
0.31212127
0.02792232
0.98044372
0.66583753
0.05686614
0.56908250
0.92291480
0.53963137
0.89332789
0.81615889
0.65446097
0.77789021
0.81786650
0.70901990
0.94962269
0.01519453
0.85820401
0.18152650
0.75938839
0.04803367
0.34355682
0.35538483
0.55209506
0.22690630
0.22473893
0.54398715
0.37445769
0.41214281
0.01727669
0.77776074
0.51147252
0.85054314
0.30087909
0.82216698
0.44968265
0.35261685
0.86239564
0.94895506
0.63504064
0.37677398
0.11058031
0.08348856
0.90968156
0.50713748
0.59875208
0.58377069
0.69901830
0.85860860
0.14671925
0.61616397
0.81692868
0.66576147
0.68814170
0.20742241
0.97453588
0.83913654
0.89885026
0.89588702
0.06958451
0.08191059
0.86755365
0.01842275
0.23865733
0.68409675
0.52433378
0.39697951
0.83532429
0.29875720
0.80821657
0.53834885
0.06241724
0.91656369
0.74640876
0.13034208
0.24243590
0.24274722
0.92800611
0.34438348
0.75734919
0.36925820
0.01406115
0.93704051
0.14170255
0.39398515
0.80872065
0.68926734
0.06296869
0.70863521
0.88461739
0.25384670
0.95188302
0.15672044
0.30310875
0.85283089
0.02330391
0.22810519
0.33945534
0.57385015
0.87207204
0.18751916
0.80128163
0.59004754
0.62001473
0.75893468
0.24962436
0.77914041
0.39619213
0.19247065
0.88800663
0.58948886
0.62604100
0.88287538
0.95342565
0.10165606
0.60669392
0.13925317
0.74585986
0.32831872
0.03473554
0.63908678
0.90797472
0.18514343
0.66671520
0.60232610
0.33545816
0.38106370
0.03088183
0.46866712
0.88513041
0.34994376
0.47609860
0.68446755
0.73891377
0.14439149
0.29511714
0.62651247
0.30030024
0.73846555
0.90220761
0.05236591
0.43007535
0.54422325
0.83795780
0.76405126
0.27218196
0.38366899
0.07882094
0.90032691
0.32307306
0.05515223
0.98570502
0.21822983
0.14443742
0.59874290
0.12981240
0.48662663
0.81842065
0.38883501
0.89272618
0.28958741
0.66010970
0.11982026
0.70672977
0.28217387
0.12416656
0.95908695
0.31676278
0.57069343
0.06961836
0.58160520
0.40681583
0.26111168
0.06449847
0.55078918
0.83901894
0.04019129
0.75768811
0.63369685
0.71946061
0.91839707
0.66979134
0.25328499
0.04008854
0.74423963
0.18206483
0.79804623
0.63849676
0.06480207
0.44305426
0.51293778
0.98270124
0.93909591
0.10354394
0.73301649
0.93838114
0.06348915
0.80012119
0.59053487
0.78887957
0.22460623
0.76449895
0.37070578
0.06006188
0.57585430
0.50139570
0.47293743
0.60981226
0.99301934
0.48251218
0.22101770
0.33184052
0.98138911
0.28674713
0.49986702
0.63710701
0.03051721
0.34404606
0.89893389
0.87387401
0.32258496
0.66886282
0.13913965
0.06149045
0.79766572
0.42291474
0.78622669
0.49727461
0.34151542
0.99597704
0.24331589
0.65762734
0.90763265
0.14380094
0.47691610
0.48174477
0.23178653
0.25007147
0.15000471
0.93233192
0.41596881
0.90559888
0.43762785
0.92818224
0.55770737
0.72345221
0.95919263
0.88443768
0.75501639
0.77991241
0.43679357
0.52902645
0.06024566
0.43455416
0.21884193
0.82859111
0.01325267
0.38941637
0.43670005
0.81298918
0.87856388
0.52261966
0.84145087
0.18897748
0.90012872
0.48274541
0.63321483
0.16443342
0.85794675
0.60240316
0.90114647
0.67046338
0.09090912
0.71261525
0.19758710
0.29632741
0.70764393
0.18451421
0.20706005
0.49409488
0.82289273
0.57177937
0.23539469
0.21194741
0.45851752
0.96320415
0.20015301
0.85748118
0.34418938
0.37045521
0.89363623
0.46015263
0.77030617
0.78826010
0.87042290
0.70175433
0.08045770
0.12996161
0.94278580
0.80718064
0.62362611
0.53960723
0.52318829
0.65425867
0.16055442
0.75338513
0.44993433
0.68711537
0.47716001
0.31722048
0.26972458
0.05902039
0.04233308
0.16270563
0.38827303
0.15718263
0.43976387
0.92323750
0.85029739
0.07877500
0.70414191
0.12334145
0.75047696
0.47424686
0.61949545
0.10577182
0.19679250
0.01280752
0.89105237
0.96454734
0.50992835
0.71616310
0.61102277
0.50715226
0.43587449
0.86769164
0.07416609
0.30386895
0.62209278
0.79898387
0.23313232
0.03654809
0.07391451
0.66918695
0.17823762
0.97433364
0.43068120
0.13838437
0.42170849
0.19229200
0.78422427
0.20931976
0.33469611
0.21293144
0.74244082
0.53394127
0.67216831
0.61700082
0.33537766
0.53930604
0.55720043
0.61365646
0.51545125
0.76995516
0.71329021
0.17689422
0.34803456
0.78636318
0.42417014
0.92981666
0.72583169
0.17516917
0.59165263
0.94569683
0.10511969
0.62098622
0.16782184
0.30286157
0.69233227
0.28498572
0.89828306
0.11449469
0.20148440
0.41049594
0.50113368
0.83087122
0.71108454
0.00337643
0.90175176
0.78478116
0.10384618
0.77565801
0.88675630
0.05866028
0.00842190
0.37809849
0.39902261
0.68117821
0.88792521
0.37359619
0.97419393
0.93199450
0.71826601
0.32727396
0.57590652
0.49071735
-1428776.50000000
-1521820.75000000
-1420236.00000000
-1466838.75000000
-1403883.62500000
-1525247.37500000
-1437259.25000000
-1525600.25000000
-1458606.37500000
-1422993.12500000
-1414378.75000000
-1400729.50000000
-1461475.75000000
-1412956.00000000
-1357245.62500000
-1481063.87500000
-1490622.37500000
-1389366.75000000
-1445812.50000000
-1407097.62500000
-1496032.87500000
-1437856.75000000
-1555014.25000000
-1404047.25000000
-1525841.25000000
-1502153.37500000
-1480707.12500000
-1432093.12500000
-1461399.87500000
-1441851.62500000
-1509559.62500000
-1518390.25000000
-1441395.62500000
-1482238.50000000
-1451321.25000000
-1526535.37500000
-1438710.50000000
-1518732.00000000
-1426520.37500000
-1407762.62500000
-1497170.37500000
-1488168.50000000
-1438971.37500000
-1420955.75000000
-1416729.37500000
-1521661.00000000
-1503994.25000000
-1423428.87500000
-1438214.12500000
-1368860.87500000
-1491070.87500000
-1460225.62500000
-1346522.25000000
-1369231.12500000
-1442706.75000000
-1367761.62500000
-1430541.00000000
-1436865.12500000
-1397508.62500000
-1513223.75000000
-1501119.37500000
-1530877.62500000
-1457615.75000000
-1422861.75000000
-1458840.25000000
-1525928.50000000
-1459070.12500000
-1448083.37500000
-1446041.75000000
-1543971.50000000
-1385905.50000000
-1531070.00000000
-1382527.75000000
-1477932.62500000
-1497411.50000000
-1479714.50000000
-1382780.00000000
-1446404.00000000
-1457959.25000000
-1510256.25000000
-1463764.50000000
-1409553.37500000
-1413437.00000000
-1536591.12500000
-1430122.50000000
-1391949.00000000
-1358608.87500000
-1481173.50000000
-1550776.12500000
-1460209.75000000
-1452690.87500000
-1445222.37500000
-1469183.25000000
-1467142.87500000
-1514305.00000000
-1470499.75000000
-1459410.12500000
-1449623.87500000
-1445628.25000000
-1383343.37500000
-1385833.00000000
-1366765.00000000
-1406310.75000000
-1371977.87500000
-1397295.37500000
-1527200.37500000
-1532336.12500000
-1505731.87500000
-1422997.00000000
-1448891.25000000
-1453150.12500000
-1508068.00000000
-1479759.62500000
-1496571.75000000
-1492533.62500000
-1419204.12500000
-1398898.62500000
-1439123.75000000
-1385458.50000000
-1491958.75000000
-1478296.12500000
-1449393.00000000
-1503894.00000000
-1509514.12500000
-1336120.62500000
-1530940.12500000
-1441399.50000000
-1480658.50000000
1428778.12500000
1521821.75000000
1420237.12500000
1466840.25000000
1403884.87500000
1525248.87500000
1437258.62500000
1525601.50000000
1458606.12500000
1422994.50000000
1414379.87500000
1400729.62500000
1461476.37500000
1412956.37500000
1357246.62500000
1481064.87500000
1490622.87500000
1389367.75000000
1445812.37500000
1407098.87500000
1496033.87500000
1437857.00000000
1555015.00000000
1404048.62500000
1525842.75000000
1502153.62500000
1480707.37500000
1432092.75000000
1461400.12500000
1441850.50000000
1509561.50000000
1518391.37500000
1441396.62500000
1482239.62500000
1451322.62500000
1526534.50000000
1438711.62500000
1518731.00000000
1426521.00000000
1407763.25000000
1497170.62500000
1488170.12500000
1438971.87500000
1420956.37500000
1416731.12500000
1521661.50000000
1503995.25000000
1423427.62500000
1438213.37500000
1368860.87500000
1491071.62500000
1460225.00000000
1346523.12500000
1369232.12500000
1442708.25000000
1367762.25000000
1430542.75000000
1436866.62500000
1397507.62500000
1513225.50000000
1501120.50000000
1530877.75000000
1457617.37500000
1422863.37500000
1458841.62500000
1525927.75000000
1459071.00000000
1448084.62500000
1446042.25000000
1543972.87500000
1385904.87500000
1531071.00000000
1382528.75000000
1477931.37500000
1497412.75000000
1479716.12500000
1382781.25000000
1446404.50000000
1457960.87500000
1510257.25000000
1463766.25000000
1409552.50000000
1413437.00000000
1536592.62500000
1430122.25000000
1391949.62500000
1358610.75000000
1481175.12500000
1550776.75000000
1460210.00000000
1452692.12500000
1445223.12500000
1469184.25000000
1467143.87500000
1514305.50000000
1470501.00000000
1459411.50000000
1449625.00000000
1445628.87500000
1383343.87500000
1385834.12500000
1366765.62500000
1406312.00000000
1371978.87500000
1397297.12500000
1527201.87500000
1532337.12500000
1505730.75000000
1422998.37500000
1448891.00000000
1453150.75000000
1508069.25000000
1479760.87500000
1496572.62500000
1492534.87500000
1419204.37500000
1398897.87500000
1439124.75000000
1385459.12500000
1491958.12500000
1478295.37500000
1449393.75000000
1503894.00000000
1509513.87500000
1336121.12500000
1530941.37500000
1441400.00000000
1480659.50000000
