shape=[256]
-0.07798471
-0.02755930
-0.12519513
-0.07122891
-0.00555880
-0.07754206
-0.03995931
-0.04191532
-0.04263959
-0.04028695
-0.04798382
-0.01447986
-0.11332478
-101809480.00000000
-0.03647786
-0.03913408
-0.11455230
-0.07265755
-0.03312004
-0.02109949
-100863080.00000000
-0.06824927
-0.01339984
-0.03759603
-99153728.00000000
-0.03133761
-0.00240206
-98000872.00000000
-0.03356747
-0.00214316
-0.07712433
-0.01148851
-0.04290345
-0.09662700
-0.00514231
-0.00581696
-0.06244745
-0.13575532
-97537616.00000000
-0.03327276
-0.00058873
-0.06704988
-0.10423233
-0.06170347
-0.13252358
-0.07763512
-0.05163867
-0.00656102
-0.02247279
-0.05865758
-100200048.00000000
-0.06628108
-0.13913342
-0.00765427
-0.04266721
-0.07638460
-0.03042234
-0.02887902
-0.03223460
-0.07161897
-102142000.00000000
-97765280.00000000
-99776312.00000000
-0.02104623
-0.07604320
-102207032.00000000
-0.10146671
-0.05624666
-0.01384566
-0.07878127
-0.02775611
-0.00043682
-0.04462457
-0.09649126
-95371208.00000000
-0.07537391
-0.06180021
-0.01870622
-0.10097756
-0.03315126
-0.08943685
-0.08181345
-0.04130306
-0.01959345
-0.06038795
-0.03545571
-0.02816055
-0.00833805
-98234704.00000000
-0.00690450
-0.13796772
-0.03324197
-99900112.00000000
-0.08834881
-0.07137763
-0.02141965
-0.04128641
-0.10589138
-0.07807987
-0.02183394
-0.07581604
-0.02497873
-0.07569624
-0.07584016
-0.05616831
-0.07573103
-0.01462434
-0.02197694
-0.02246686
-0.04919958
-99294608.00000000
-0.02927411
-0.00634346
-0.08177965
-0.08661618
-96565528.00000000
-0.02776398
-0.09889559
-0.11864391
-0.04927497
-0.01628129
-98894560.00000000
-100897088.00000000
-0.00447167
-0.01649045
-0.04939711
-0.02036114
-0.08505360
-0.03406503
-96249056.00000000
-0.02142235
-0.05190735
-0.10728817
-0.03989031
-0.04794665
-0.04604303
-0.06289814
-0.06619419
-0.01124632
-0.05736750
-0.09779831
-0.00787762
-99430360.00000000
-0.10223547
-0.06077736
-0.11654048
-0.05105119
-0.04277997
-0.00105923
-0.17545837
-0.01337956
-0.02921470
-0.00579338
-98017600.00000000
-0.05281290
-0.05410612
-0.08277889
-0.08530984
-0.07166475
-103673192.00000000
-0.01421959
-0.04885695
-0.08085205
-0.00803877
-0.03759130
-0.08117245
-0.07696060
-102194296.00000000
-0.02487165
-0.07081364
-0.05573199
-0.04281227
-0.01794904
-0.01825986
-0.13159026
-0.05620417
-0.09591049
-96285896.00000000
-0.07540949
-0.08548081
-0.08882807
-0.03982145
-0.09433495
-0.00795103
-0.01833600
-0.03052935
-0.06540629
-0.09600797
-0.07116140
-0.03978577
-97531408.00000000
-0.04881683
-100532256.00000000
-0.05937304
-100391224.00000000
-0.03441711
-0.09145344
-0.00521400
-0.04499417
-0.06037396
-0.03176639
-0.09003963
-0.05186953
-0.01560190
-0.03976911
-0.04461831
-0.08284865
-0.02034686
-0.09027198
-95950560.00000000
-0.07517171
-0.03521405
-97279912.00000000
-0.13907464
-0.05727795
-0.11469664
-0.03255389
-0.02976871
-0.03309914
-0.03534721
-0.03719993
-100868528.00000000
-0.05537290
-102057896.00000000
-0.00496136
-0.09110729
-0.04341220
-0.04427320
-99775496.00000000
-0.03787806
-0.00061380
-0.08245820
-0.09662400
-0.04217786
-0.05515166
-0.04069265
-0.04169877
-0.07644157
-0.01198066
-0.09707803
-0.04728952
-0.05018206
-0.07240485
-0.07487936
-0.10258334
-0.06241969
-0.05392158
-0.00569041
-0.01134103
-0.02533947
-0.02877015
-0.00686622
-0.03564076
-0.08078024
-0.07906038
-95277248.00000000
