shape=[128]
-0.00310980
-0.00253714
-0.01832554
-0.00778315
-0.01940148
-0.00399063
-4311.77343750
-0.01291723
-4375.81396484
-0.00408824
-4243.15722656
-4202.18701172
-0.00051459
-0.00444927
-0.01205161
-0.02743258
-4471.87988281
-0.02384601
-4337.42675781
-0.01215276
-0.01818784
-4313.57177734
-0.00399897
-0.00721998
-4577.53662109
-4506.47021484
-4442.11621094
-4296.26074219
-4384.18408203
-4325.54296875
-0.00033776
-4555.17138672
-0.02723799
-0.01757004
-0.00030702
-4579.59814453
-4316.15039062
-4556.19726562
-4279.55566406
-0.01247276
-4491.50634766
-0.00710503
-4316.91064453
-0.01016928
-0.00295205
-0.00803524
-4511.98583984
-4270.27050781
-4314.62695312
-4106.56982422
-0.00414755
-4380.67138672
-0.02277604
-0.00540049
-0.00352441
-0.00149768
-0.00453027
-4310.61181641
-4192.51074219
-0.00209855
-0.00028240
-0.00258926
-0.00538893
-0.00083169
-4376.51855469
-4577.77392578
-0.01148678
-0.02093077
-0.00772243
-4631.93310547
-4157.69433594
-4593.19726562
-0.01970779
-4433.77587891
-4492.24365234
-0.00461847
-0.00967790
-4339.20849609
-4373.88232422
-0.00095871
-4391.31738281
-4228.63574219
-4240.30029297
-0.00500907
-4290.34277344
-0.01017905
-4075.84985352
-0.00233692
-0.00751453
-0.00035666
-0.02214423
-0.01675972
-0.02672843
-0.00537517
-4542.90429688
-0.00244453
-4378.22363281
-0.00961568
-0.01358994
-4150.02832031
-0.01136140
-4100.31054688
-4218.95556641
-0.01116203
-0.00593406
-0.00817830
-0.01266116
-4517.17089844
-0.00214170
-4346.66308594
-0.00081783
-0.00098723
-0.00107222
-0.00442435
-0.01735524
-4257.60351562
-4196.67138672
-0.02774050
-0.01670045
-4475.85253906
-4434.87744141
-0.00962550
-4511.65722656
-4528.52636719
-0.00505269
-0.01950118
-4324.20214844
-0.01857541
