shape=[16, 9]
-0.07468402
-0.34065825
-0.26137564
-0.22486459
-0.22081865
0.27316409
0.02862001
0.43950126
0.34205613
-0.02951723
0.08773492
-0.13440861
0.24862216
0.46806476
0.35455054
-0.36362886
-0.32981408
-0.02907117
0.04396300
0.10669336
-0.03798257
0.06320933
-0.07655099
-0.16178127
-0.09811862
-0.10606699
0.27340940
-0.07187309
-0.32766753
-0.25889045
0.15077808
0.28495786
0.30435136
0.10843323
0.10761763
0.01337089
-0.18059982
-0.18718611
0.29908037
-0.16322190
-0.08935439
0.27668613
-0.24318737
-0.09005082
0.14408132
0.34578082
-0.01080649
-0.16353492
0.15361895
-0.28703341
-0.18635894
-0.17942689
-0.28483388
0.08039892
0.19351667
-0.29347444
-0.61850524
0.41988236
0.00048940
-0.49649471
0.26644680
0.50533819
0.05671513
-0.26881549
0.36710221
0.28928128
-0.17500277
0.28440252
0.26829043
-0.27297428
0.00745526
0.31635401
0.14933981
0.27449304
0.40095714
0.44799328
0.28458714
-0.13374119
-0.14174262
-0.33592293
-0.73062265
-0.24192728
-0.33959100
-0.07946937
0.43559420
0.33269033
0.26161590
0.11771423
-0.09933983
0.07392745
0.23565429
0.36662021
-0.45377934
0.21185079
0.41975465
-0.01462913
-0.00652507
0.24898644
0.17759418
0.24058118
0.53244931
0.50588638
-0.33764169
-0.08166213
0.12455460
-0.47906873
-0.61575395
-0.27624384
0.19413133
0.05660893
-0.07562206
0.23048207
-0.20086120
-0.08244517
0.06673451
-0.22524230
0.03223668
0.22349159
0.14995620
-0.14240158
0.16016406
-0.15179116
-0.18431947
-0.02179991
-0.23271517
-0.04071326
0.10303434
0.17848475
-0.26427117
0.23100367
-0.08272796
-0.18654281
0.15284583
-0.02486752
-0.11036979
0.04509653
0.01589128
-0.06433360
-0.01783016
-0.04600337
-0.06505069
-0.13593198
-0.03946201
-0.07524773
