shape=[128]
0.01704024
-0.00032720
0.04182286
0.00687077
0.01534714
0.01349100
0.00281575
-0.01245501
0.01865340
-0.01617220
0.02709219
0.01946052
0.00849542
0.03544144
0.01212428
0.00040665
-0.00125467
0.04965242
-0.00370973
0.04134296
0.03933357
0.00019727
-0.00037866
0.06726205
0.00100720
0.02068416
0.02519503
0.03993621
-0.00470408
-0.00180648
-0.02239798
-0.01515462
0.00233223
-0.00285025
0.02081265
0.00203781
-0.00334271
0.00902012
0.00594014
0.05995458
0.02505413
0.00285791
-0.01742456
0.02990492
0.00839017
-0.01433507
0.04580810
-0.00598402
0.00162296
-0.00480890
0.00047199
0.03282473
0.05447786
-0.00281164
-0.00504519
-0.00788419
-0.00315604
-0.02300575
-0.02206439
0.05754407
0.00013285
-0.02152463
0.03893384
-0.00057295
0.02347719
0.04260727
0.04148143
0.02920439
0.04225027
0.00829824
0.01345608
-0.00715972
-0.01546871
-0.00145397
-0.00956813
0.00394299
0.05697420
-0.00506313
-0.01415987
-0.00443139
-0.00440215
0.00838890
0.02931155
0.02902522
0.02641406
0.02328449
0.03736609
-0.01502414
0.04822042
-0.00152160
0.02501971
0.01117499
0.00107143
0.02717389
0.02115999
0.02250859
-0.00616108
0.01827522
0.01171484
0.00032688
0.00339181
-0.02799528
0.04146286
-0.00748120
-0.02413413
-0.00088920
0.03838771
0.02483979
0.09420784
0.02020154
0.00771495
0.01904323
-0.00510410
0.01581448
0.01205032
0.00113244
0.04879780
0.03538369
0.01144657
0.03530563
0.01025443
-0.00631993
0.03088221
0.07868524
0.02772236
0.03382922
-0.00523338
0.00454741
