shape=[10, 128]
-0.18718489
-0.04025298
-0.12798597
-0.02222450
-0.09223990
0.15214010
-0.05716017
-0.01820145
0.25530994
0.01175192
-0.07124614
-0.17071481
-0.05270868
0.00044799
-0.16422960
0.03114263
0.00377634
0.06615797
-0.01202607
-0.19942540
0.01814583
-0.01096984
-0.02966882
-0.17426831
-0.06116600
-0.12666874
0.20539245
-0.19302042
0.02924216
0.00575746
0.03664874
-0.01465135
0.10263205
0.15118292
-0.17223518
0.18099535
-0.05313917
0.10188886
-0.15516704
-0.20002535
0.14227721
0.08061368
0.00335372
-0.17855926
0.19911583
0.08098993
-0.12626007
0.03560348
-0.03252654
-0.05993917
0.01373598
0.11026177
-0.05355257
0.03979116
-0.04562102
-0.03188897
0.06791439
0.25418863
0.03255607
-0.14223684
-0.06669559
0.03853863
-0.25266340
-0.04181218
-0.04967391
-0.11069291
-0.10378466
-0.11613315
0.06633026
-0.14253828
0.12389559
-0.04177824
0.14601807
-0.03462317
-0.03793471
0.06914483
0.30982780
0.17591031
0.30417514
-0.10525864
-0.00073290
-0.03079583
-0.20624247
0.11088374
-0.01175220
-0.08255098
-0.14800821
-0.06437706
-0.01174071
-0.03495585
-0.09201667
-0.15585981
-0.00968389
-0.15616933
-0.03354065
-0.16303314
-0.00254315
-0.26795098
-0.08674724
-0.08639329
-0.00771315
0.10727657
-0.19315995
-0.02651506
0.30661705
-0.02127965
-0.07892957
0.09500892
-0.29119191
0.12199884
0.04961200
-0.06006177
-0.10002637
-0.30318576
0.26853213
0.24893862
-0.18903312
0.24140044
-0.01165177
-0.06485472
0.45989296
-0.05625670
-0.26113087
-0.21164764
0.20704858
-0.00645074
-0.00094227
0.11467556
0.02489651
0.03408595
-0.21728954
0.19560084
-0.36203739
-0.16497752
0.15989070
-0.01782111
-0.11895429
-0.01204138
-0.02385611
-0.17635433
-0.05706725
0.34316161
-0.02849855
0.01606144
-0.05673067
-0.12222588
-0.01215603
0.21294910
-0.09123454
0.01932631
0.00036039
0.12196368
-0.03287723
0.10414154
0.09055547
0.13921481
-0.00066170
-0.03365922
-0.04577989
-0.02266449
-0.01700478
0.02255060
0.05154422
0.01978814
-0.07289238
0.13745718
-0.15499869
0.14612785
-0.18742290
-0.07576224
-0.01242193
-0.21503139
-0.19469567
0.30190083
0.07692531
0.01238668
-0.12466474
-0.00774528
0.03078573
-0.22393900
0.17889290
-0.02944833
0.01017139
-0.00473264
-0.29496467
-0.08510084
0.06505397
0.16564347
-0.06856471
0.03441476
0.18844226
-0.01689865
0.29836112
-0.21401197
-0.24317591
-0.10342065
-0.14841057
-0.08885178
0.01519290
-0.00917395
-0.12040423
-0.01188216
0.01103846
-0.18573347
-0.24880290
-0.03820625
-0.04288779
-0.09747972
-0.01306441
-0.04527875
0.26657441
0.04564555
-0.06849630
-0.02849418
0.30486128
-0.02858460
-0.12944624
0.03622500
0.19383079
-0.26798600
-0.05007305
0.43696219
0.21501298
-0.15356152
-0.04440846
0.10629948
0.06157319
-0.07314752
-0.05359597
-0.08507145
-0.12906361
0.03615674
-0.06354158
0.02044048
-0.08273792
0.33657449
0.26727888
-0.22020394
-0.06933525
0.08509710
0.25604349
-0.07241940
-0.15384904
-0.13679722
-0.21621332
-0.14987546
0.02797889
0.12092160
0.03432467
0.03462341
-0.14303753
0.11751521
0.14697535
-0.21463621
-0.02571706
-0.07756002
-0.10945609
-0.03479314
-0.19668417
-0.12247347
-0.12191753
0.17750274
0.32454070
-0.00587558
0.19253945
-0.00103148
-0.04551857
0.33120561
-0.14704622
-0.22726983
-0.07229356
-0.02116199
-0.01468207
-0.16021506
0.07488168
-0.25515726
0.07469413
0.01119515
-0.02040160
-0.26301017
0.03504556
0.22315468
-0.02253281
-0.16171610
0.06651505
0.04252063
0.01523669
0.10577641
-0.09108420
-0.03174162
0.10001468
0.15326893
0.07042081
-0.16773000
-0.01045610
0.26671949
-0.23090483
0.30266228
-0.03985699
0.07399582
-0.01155344
-0.15840794
0.41847545
0.11948596
0.20715924
0.02433377
-0.07095540
-0.02655929
-0.14000976
0.03030383
-0.04704159
-0.02530767
0.34481210
0.26934361
-0.10539193
-0.03120520
-0.09084338
0.05398333
0.10081741
-0.00784002
-0.06950313
-0.19441737
0.18109660
0.06892989
-0.11283708
-0.05276192
0.12594895
-0.01214239
-0.19438432
0.05192488
0.13780849
-0.10923261
0.06135658
0.12799574
0.03212607
0.02215786
0.01687467
0.02188346
-0.17072958
-0.07145678
-0.04244665
0.00034451
-0.04268534
-0.03755354
0.04509510
0.03933398
0.03778647
-0.12275933
-0.03492950
0.36484608
-0.17046200
0.10050095
-0.07013991
0.15585485
-0.07106344
-0.04505244
0.06449413
0.17515934
0.17870213
-0.04418713
-0.03383100
-0.01292827
-0.09102531
-0.15145537
-0.22509854
0.03764946
-0.02131399
-0.05376597
-0.01967049
-0.07391149
-0.36946657
-0.18681085
0.12536421
-0.16008009
0.03731847
-0.11879079
-0.19444261
-0.12055453
-0.19699287
0.05314250
-0.04612308
0.10687434
-0.03239591
0.11785643
0.24091882
0.00568902
0.10684077
-0.08899513
-0.20091957
-0.13704835
-0.03984851
-0.00348181
0.08366342
0.02857049
0.11013766
-0.00258514
0.16127723
-0.23013762
-0.00059912
0.03677882
-0.03499852
0.27270088
-0.08625148
0.15108953
0.02312150
0.00431644
0.03466234
0.17025724
-0.02823487
0.19777142
-0.09467714
-0.07318683
0.03851812
0.03725696
0.03134313
-0.06089815
0.00009118
0.01351759
-0.21534805
-0.09134409
-0.07576950
0.01018516
-0.05002179
0.29277954
-0.22900006
0.07803218
0.00482515
0.18616191
-0.13361067
-0.16422397
0.19469529
-0.10736353
-0.02239343
0.02975252
0.07940398
0.39066419
0.20162576
-0.01821801
-0.04369289
0.03139302
-0.18530402
-0.12165127
-0.05822423
0.24830745
-0.10033127
0.04395288
0.04037189
0.04441807
-0.15763867
-0.12454559
0.18364096
0.12286930
0.29101798
0.08305520
-0.19701229
0.05357274
-0.15867171
-0.02174571
0.00743363
-0.01128418
0.30249825
-0.09964337
0.05329589
-0.07712176
0.00942385
0.09842946
0.00625564
-0.14249523
-0.05275748
0.06681830
0.17849992
0.03984773
0.44295004
0.03501279
-0.10066476
-0.17156206
-0.01935458
-0.24344376
-0.17079511
-0.00599136
0.06315438
-0.02755816
-0.05396353
-0.03612052
-0.04395176
-0.06646869
0.12565105
-0.03281341
0.05620198
0.00823286
0.10095723
-0.16436827
-0.09697613
0.10199099
0.10462046
0.27969515
-0.16081212
-0.15626851
-0.19395724
-0.08455817
-0.01477264
-0.05587951
-0.04427896
-0.21652804
-0.11341068
-0.01287456
-0.15569286
0.14316092
0.07075904
0.10285895
-0.02388242
0.04643581
-0.07587539
-0.05189499
0.19067645
-0.01545518
0.24655102
0.06339906
0.09212119
-0.02074810
-0.13220656
-0.03685771
0.11743773
0.19785672
0.04511399
-0.06123586
-0.06785713
0.00533055
0.39013880
-0.13993065
-0.00402991
-0.04466675
-0.14833738
0.01989710
-0.02441400
-0.14885227
-0.02553659
-0.10535617
0.01980419
0.29160041
-0.02916886
-0.03436841
-0.00041883
0.13237862
0.01074553
-0.17637148
0.05332480
0.10927156
-0.05801805
-0.04773518
0.32353619
-0.11934558
0.10625670
-0.14192082
0.01859028
-0.18945941
-0.09200485
0.07416600
-0.26388308
0.14846011
-0.07993681
0.02455035
-0.00726007
-0.17380099
-0.13750221
-0.05330309
0.07831486
-0.02503126
0.30440828
-0.01520753
-0.00800928
-0.13900463
0.20085330
-0.04809817
-0.17409652
-0.01007675
0.15104647
0.23167975
0.12081263
-0.11833597
-0.16918918
-0.02706681
0.10303328
0.00116662
-0.08552185
0.06201244
-0.11180955
-0.01651780
-0.20065767
0.13178970
0.01924767
0.02572904
0.01725927
-0.02453978
0.26286441
-0.08921494
-0.05683830
-0.02459388
-0.08312619
0.06770717
-0.18172646
0.03119908
0.32029727
0.28193024
0.06459174
-0.06350964
0.35646948
0.31436461
-0.03189132
0.19314422
0.13560300
-0.03701352
0.05880920
-0.23991601
-0.13684767
-0.00104385
0.03918719
-0.04663198
-0.15824002
-0.14394473
-0.00681345
-0.11115771
0.06914406
-0.16379943
0.17565259
0.32217881
0.19781363
-0.12407736
-0.08567896
-0.14987507
0.15731566
-0.18520397
-0.16843189
-0.02517304
0.01882960
-0.19299425
-0.11787311
-0.18969077
-0.03197319
-0.13852204
0.25504628
0.03814809
-0.14853969
-0.05821373
0.04059382
-0.18280834
-0.11693419
-0.01670931
-0.15774141
-0.02523724
-0.27925235
-0.08931302
-0.08389949
-0.07525166
-0.05947965
-0.04384427
0.00890954
0.08570765
-0.04162771
0.21938765
-0.14601135
-0.00270639
0.00784658
0.27286595
0.01802188
0.03987468
-0.00523173
-0.19038494
0.04774183
0.03945073
0.00178002
0.05363195
0.01216393
0.26271683
0.01865880
-0.06333293
-0.09314433
-0.06313408
-0.02098767
-0.22452189
0.24907440
-0.13318123
0.02985949
0.03064474
0.11790042
-0.03759274
-0.04672538
-0.08036153
0.06930781
0.04239733
0.11041496
0.22978735
-0.04884240
-0.00965803
0.07143208
0.02526255
0.02015751
-0.17010278
-0.05265450
0.33162394
-0.00841772
0.04266473
-0.06729921
-0.03471036
-0.11754633
0.27068043
-0.12236252
-0.04614218
0.37587157
-0.03518530
-0.10724705
0.02950353
0.16385162
-0.04071734
0.02270349
0.08078274
-0.07786065
-0.09595147
-0.00859092
-0.22133431
-0.02868566
0.00586429
-0.19060777
-0.02519177
0.15977888
-0.05745004
-0.24646619
-0.00225620
0.22381802
0.01290627
-0.10714670
0.07588793
-0.03198532
-0.10562809
-0.10634932
-0.04101471
-0.01237368
-0.25503522
0.04327632
0.15767960
0.01411579
0.35101795
0.12694080
-0.03981817
-0.21353878
-0.03382127
0.22288284
0.02096176
0.25018471
0.09436086
-0.00621211
0.17399131
-0.02994874
-0.17213503
0.08908629
0.02519443
0.14204729
0.07128148
0.03434167
0.09831804
0.02836754
0.01179347
0.26247743
0.12447367
-0.18100487
0.18267927
0.03576728
-0.02519951
-0.20017199
-0.03749895
-0.06546091
-0.09693365
-0.02593218
-0.04569317
-0.13685283
0.03348759
0.09416294
0.02166131
-0.17282405
-0.13278019
-0.07609588
-0.13356136
-0.16683486
-0.03519870
-0.13232791
-0.12589645
-0.03114754
-0.22482750
-0.11289001
-0.02955164
-0.02475555
-0.02227366
-0.00865067
-0.03343343
-0.21212612
-0.16385026
-0.02395687
0.00453521
0.05072614
-0.13514921
-0.03106260
0.04414321
0.18518777
-0.21605791
-0.02976951
0.00816578
-0.10807226
-0.01683140
0.03834590
-0.20021376
-0.00507470
-0.12982108
0.00911348
-0.05488851
-0.10966453
-0.21652189
-0.11551154
0.03535125
0.04034271
-0.13999537
-0.10770731
-0.01074952
-0.06741700
0.04394974
0.04431071
0.25477272
-0.01666451
0.01801958
0.16563693
-0.02953091
0.06849263
0.00437639
0.24808237
-0.19240159
-0.07357698
-0.05153511
0.04231528
-0.06969693
-0.10463476
0.01483481
0.24941486
-0.00799919
-0.03670686
0.28866065
-0.15553473
-0.04752722
0.11026318
-0.06608276
0.00318076
0.03402811
-0.26029593
0.12663087
-0.04844766
-0.10094792
-0.02102471
-0.00672838
-0.19537023
0.00702183
0.05449189
0.16170044
0.03163588
0.15339139
0.09869210
0.00602545
0.01380809
-0.03071586
0.02013328
-0.07513343
0.04732828
0.33206397
-0.08198063
-0.03296217
0.30278143
0.01024922
-0.01380637
-0.07908835
-0.11815926
0.01073386
-0.09064447
-0.15794411
0.16964070
-0.08187403
0.26686957
0.00981339
-0.09006306
-0.09365510
0.26963049
0.28650463
0.20934561
0.28057134
0.10806907
0.04358501
-0.13309288
-0.18254045
0.00683749
0.12738064
0.01217525
-0.01898983
-0.15131779
-0.09321685
-0.12768373
0.13810748
0.21414572
-0.03595595
-0.20504797
-0.01682306
-0.12408938
0.13636811
0.11447629
0.14098796
0.39263284
0.00279129
-0.04405298
-0.07289238
0.00184317
0.17845842
-0.04644394
0.00386535
-0.02804783
-0.10024497
-0.03748960
0.11945759
0.21011266
0.14504053
-0.01189333
0.02738534
-0.04728010
-0.17841333
0.07887848
0.03824437
-0.11847204
-0.18423072
0.16816770
-0.02944575
-0.23193775
0.09812998
-0.05753776
0.15793158
0.05308567
0.25926143
0.10287023
0.08877493
0.26614693
0.20351356
0.02574016
-0.01782364
-0.01330558
0.03682347
0.07145008
-0.02848741
0.00027590
0.16673279
-0.12692095
-0.31557670
0.01220477
-0.15354276
-0.12882853
0.04038777
0.05624916
-0.03341680
-0.09528289
0.35946327
-0.24475850
-0.06390677
-0.21670517
0.17729773
0.16036721
-0.05111366
-0.02508415
-0.00344948
0.23301272
0.03897958
-0.15030114
-0.05140325
-0.14357454
0.05357759
0.02377477
0.04921297
0.25170687
0.10355636
-0.20276502
0.01162631
0.17401923
-0.02180799
-0.17501290
0.07365301
-0.19949260
-0.13902897
0.03879196
-0.06096656
-0.19974995
-0.10190490
-0.03765122
0.01564058
0.19228978
-0.00008872
0.01533751
-0.28145894
-0.07898641
-0.02083767
-0.12930170
0.02086348
-0.12773053
0.07361893
-0.03773330
0.03081256
-0.08368022
0.04423944
-0.11914290
0.47300071
-0.10800662
0.18815221
-0.00398762
0.10311877
-0.03437557
-0.12702921
-0.19526161
0.01604430
0.08625598
-0.13819365
0.00382642
0.25295860
-0.00892945
-0.24545689
-0.21863824
0.03416048
0.34400666
-0.02541430
0.21404397
0.00318287
-0.13023774
0.05376611
0.18713535
-0.00017574
0.14796947
-0.21629077
0.08440583
0.12542711
-0.16237870
0.03033803
0.02808662
0.11563672
0.03822019
-0.14705522
0.18060993
0.00435835
0.03302111
0.10293770
-0.01448796
-0.18570194
-0.11664521
0.08275115
0.04752760
-0.03480012
-0.00605869
-0.14860922
0.09972198
-0.34526068
0.24498367
-0.07204010
-0.05129399
0.16270803
0.19412848
-0.07180537
-0.06426238
0.14141060
-0.06791478
0.14707342
0.08040714
0.08080348
-0.03859427
-0.14098340
0.07669606
0.08255626
0.01467225
-0.20327528
-0.14586048
0.09702051
-0.03367451
0.00967860
-0.06769776
-0.14003870
-0.00898736
-0.01081051
0.08189379
-0.03532008
0.13812523
0.05740364
-0.09188285
-0.11305509
0.20075101
0.14431308
0.11208323
0.03420619
-0.13066427
-0.05422813
-0.07145378
0.08100890
-0.07070696
0.00650314
0.11847658
-0.01627600
-0.17229548
0.04243656
0.02800415
0.00407178
-0.04436565
0.46460247
0.29672286
0.18956581
0.02379530
0.03279038
-0.02332916
-0.01769216
-0.06468840
0.20983888
0.04711165
-0.23410574
0.01087084
-0.11445712
-0.05134432
0.02521473
-0.14528956
-0.05017136
-0.03759767
-0.11927970
0.18095185
0.02952038
-0.18930410
-0.03126655
0.16360307
0.08256230
0.27880174
0.00724235
-0.14385262
-0.09968863
-0.13426183
-0.15468813
-0.24657242
-0.09594157
0.43578503
0.13765502
-0.10069250
0.23536459
0.13047059
0.00641979
0.24532050
0.27378392
0.16127820
-0.23660612
0.03329518
0.17656043
0.16413142
-0.03768013
0.18930866
0.23037621
0.38294902
0.13237043
-0.23036979
0.00389701
-0.13154987
-0.01756190
0.49162310
0.12903525
-0.05952920
0.14394370
0.29673651
-0.03878578
-0.19259647
0.03198918
-0.01383973
0.00820738
0.06889427
-0.02590061
-0.03028248
0.13771577
0.03114858
-0.14567484
-0.03490479
0.22625132
-0.01375761
-0.02571370
-0.03717523
0.22970752
-0.08388530
-0.01636358
-0.15763493
0.10447975
0.28439492
-0.01988708
0.20800388
-0.34359574
0.27115083
-0.09930998
-0.04556043
-0.04075890
0.08107754
-0.10614704
-0.28675562
0.05358822
-0.03407490
-0.02781433
0.01841050
0.12083070
0.10954534
0.00599264
-0.03730284
-0.14103329
-0.11885674
-0.01989993
-0.04832245
-0.06546789
-0.07120515
-0.07253177
-0.08815606
-0.01003692
-0.14959767
0.07335629
0.22284976
0.05681022
-0.13636246
0.07031959
0.04086012
0.00712028
-0.01830073
0.02403944
-0.03633967
-0.01537138
0.11768049
-0.12951683
-0.00683500
0.27771720
-0.04455911
-0.02063680
0.19945139
-0.50705433
0.17965685
0.00911807
-0.11418464
-0.00321212
-0.07056282
-0.01690877
0.17825891
0.05873074
0.03768633
-0.19278949
-0.00586840
0.29365554
-0.03447420
0.07773195
-0.00423063
0.16189481
-0.02410954
-0.18461075
-0.16460976
-0.04458778
-0.01344739
0.00991089
-0.15401900
0.01109670
0.17917703
-0.09509742
0.12912031
0.02415409
-0.17040442
0.28160912
0.25577614
0.08928089
-0.11676917
-0.00875142
-0.18707082
-0.04702555
-0.15957741
-0.13558847
-0.02282030
-0.12545918
-0.11047553
0.20759106
0.02782691
-0.07537484
