shape=[256]
-0.00120309
-0.00231853
-0.00256972
0.01585477
-0.00143499
0.01459107
-0.00066876
0.00323012
-0.01136723
0.00651727
-0.00107262
-0.00397037
0.00024606
0.00606936
0.00783806
-0.00105648
0.00883863
0.00767311
0.00686450
-0.00078146
-0.00842142
-0.00071213
-0.00884125
-0.00503732
-0.00066698
-0.00166445
0.00302346
-0.00417955
0.00384169
0.00062997
-0.01724962
-0.00081391
-0.00077606
-0.00391645
-0.00214584
-0.00772491
-0.00618787
-0.00650149
-0.00843400
-0.01041122
0.03317884
0.00416616
0.00133430
0.01007732
-0.00342762
0.01278067
0.00061771
-0.01239243
0.00376886
-0.01131677
-0.00423591
0.00603573
-0.01227388
0.01686779
0.01019816
-0.00324539
-0.00687490
-0.00110383
-0.00047756
0.00028013
0.00174613
-0.00167472
-0.00141675
0.00780075
0.00030304
0.00449474
-0.00309297
-0.00233267
0.00252526
0.00299185
0.00455370
0.00209083
0.01949146
-0.00174449
0.00407915
0.00292343
-0.00376298
0.00139399
-0.00722691
-0.00033679
0.00989033
-0.00400684
0.00988846
0.00291160
-0.00589364
-0.00412334
0.00444795
-0.00709751
0.00428811
-0.00082633
0.00162624
-0.00659204
-0.01619496
-0.00242796
0.00105984
0.01175617
-0.00945477
-0.00577334
-0.00447200
-0.00491980
-0.00588630
-0.01052394
0.00711098
0.00321256
0.00300619
-0.00280867
0.02469303
0.00217495
-0.00898312
-0.00347125
0.00719933
-0.00035752
-0.00276662
-0.00105750
0.01038016
-0.01978219
-0.00056849
0.01440219
0.01253940
0.00353479
-0.00104312
-0.00264884
0.01162758
0.01642842
-0.00182499
-0.00243502
0.00904032
0.00355433
0.00584764
0.00250743
-0.01295117
-0.00407653
-0.00399370
-0.00484623
-0.00166221
0.00020639
-0.00020568
-0.00081503
0.00607954
-0.00007170
-0.00025610
-0.00275477
-0.00119428
-0.00613967
-0.00016212
-0.00326824
-0.00320952
-0.01547635
-0.00248865
0.00511850
-0.00970600
-0.00331488
-0.00072300
0.01381223
0.00310173
0.00666732
0.00279204
-0.00922431
0.00060826
-0.00966307
0.00050567
0.00400307
0.00012072
0.00242829
-0.00053736
0.00091921
-0.01398932
-0.00264277
0.00624092
-0.00038329
0.00068396
-0.00932079
-0.00106032
0.00314361
0.00013263
0.00903444
0.01048813
-0.00805049
0.00924503
-0.00400192
0.00347004
-0.00563986
0.00106457
0.00462401
-0.00328960
0.00260667
-0.00274875
-0.01045920
0.01916293
0.00342764
0.00124623
-0.00114169
0.00032433
0.01717586
-0.00010746
-0.00084922
-0.00335484
0.00498414
0.00402131
0.00058609
0.00412967
0.00037431
-0.00641002
0.00375533
0.00083149
-0.00882066
0.01464685
0.00473143
-0.00417342
0.00039097
0.03844592
-0.00555092
0.02041089
-0.00026579
-0.00741681
0.00041024
-0.00235317
-0.00022704
-0.00156632
0.00636343
0.00474821
0.01986908
-0.00049084
-0.00122889
-0.01305387
-0.00828474
0.01114983
0.00211527
-0.00224387
-0.00357109
-0.00956927
0.00466408
-0.00204140
0.00397663
0.00098194
0.00995434
0.00239873
-0.00008149
-0.00201650
0.00652318
-0.00082017
0.00371663
-0.00931078
-0.00777850
0.00553115
0.00998296
-0.00772541
-0.00153490
0.00038549
-0.00341499
-0.00086873
-0.00114540
0.01170692
0.00187532
-0.00182197
-0.00024763
