shape=[16, 9]
0.33394617
-0.47231555
-0.45069003
0.47763571
-0.10252191
-0.15456435
0.15827103
0.55156940
-0.00552565
-0.01334245
-0.09956867
-0.25067863
-0.35028660
-0.26068321
-0.10470124
-0.04182681
0.38074449
0.24317335
-0.70866650
-0.78202891
-0.13129705
-0.05570498
-0.22044671
-0.84082055
0.49128434
0.70934045
-0.27859387
0.34205627
0.12332958
-0.55699611
-0.14491601
-0.30461010
-0.27988780
-0.51639885
-0.16223134
-0.03337741
-0.18013006
0.06297058
0.18239786
-0.26321578
-0.38814056
-0.25472721
0.36345157
0.14135000
-0.09303471
0.11838033
-0.49315006
-1.23535860
0.38892004
0.36781964
0.32934397
-0.22650878
0.29740572
0.14961061
0.23496440
-0.36323991
-0.37781352
0.33432230
0.10292525
-0.80230808
0.19984935
0.34409791
-0.67245877
-0.37341365
-0.13891509
-0.18791857
-0.11824837
-0.14820528
-0.26976171
-0.23983996
-0.15421419
-0.01469850
-0.55205017
-0.31906304
0.21471836
-0.85955918
0.19862553
0.68191004
0.07848834
0.98679352
-0.38606325
0.65768051
0.00158550
-0.87364429
0.69135147
-0.60790199
-0.40191823
-0.23628367
-1.04893363
-0.00347049
-0.54593867
-0.10295390
0.21975265
0.16062292
0.99286652
-0.12337526
0.07079961
-0.30180630
-0.78151137
0.12411430
0.44394079
0.93991697
-1.06558549
-0.09892323
0.22844346
-0.72551131
-0.84878469
-1.22503603
0.15675004
0.80017495
-0.05459306
0.49210885
0.12398422
-0.78653175
-0.79274935
-0.58556783
0.24203078
0.24348745
-0.40497413
0.33618870
0.63509941
0.24241580
0.27703428
0.13017994
0.04608927
-0.60778385
0.06961057
0.60574001
-0.65549803
0.08565684
0.71512014
-0.65716219
-0.74097210
1.17915606
-0.06433586
0.02297483
-0.37224978
-0.57124650
-0.71239120
-0.41614133
0.00603190
-0.16833779
0.32303423
0.68659145
