shape=[10, 128]
0.09867711
-0.15915625
0.31107202
-0.06728172
-0.16263297
0.02693802
-0.06611850
0.03735645
-0.12945877
-0.18812123
0.03587467
-0.20849743
-0.13191265
-0.02868152
0.02054301
0.00988751
0.36332023
0.28624225
-0.02017893
0.23287532
-0.18659556
-0.05385759
-0.10892405
-0.10389226
0.02237676
0.26097184
-0.06437967
-0.23346359
-0.02246880
0.06970016
-0.12696084
-0.01604896
0.01910651
0.22614339
-0.16991882
-0.07873801
-0.21193102
0.15294218
-0.06345642
-0.15000896
0.06964311
-0.02708292
0.07510749
-0.10429861
-0.03629018
-0.03248331
0.07242002
0.06176718
-0.13000666
-0.03152788
-0.07600479
-0.08788072
0.05881228
0.14269081
0.02156839
-0.13803083
-0.07348529
-0.05541628
0.04621008
0.12191144
-0.13832986
0.18181224
0.02060253
-0.01619674
0.07339895
-0.09070998
0.22687964
0.27271792
0.06426770
-0.10184851
-0.15613416
-0.10829253
-0.03658675
-0.14545758
-0.14457259
-0.01335689
0.04692354
-0.11247930
-0.02630904
0.04109813
0.19747931
-0.24507579
0.02963177
0.17836204
-0.05109185
0.02566717
0.39995715
-0.17468330
-0.17931989
-0.22012304
-0.01678529
0.28129026
0.17590803
0.06945520
-0.09966426
0.02239890
-0.23594502
0.02335736
-0.19758199
0.00843934
0.19217706
-0.03676590
-0.05850979
-0.01644787
0.00720726
-0.06805561
0.19706175
-0.08001888
-0.05457176
-0.08388720
0.21340436
-0.06392543
0.26377815
0.15667349
-0.03919386
0.25445828
-0.25492525
0.08723508
-0.06334182
-0.02744106
-0.06771229
-0.25026226
0.05169848
-0.13583614
-0.00883460
0.02175207
-0.13923164
-0.11383584
-0.09194598
0.02038852
0.17540060
-0.01015664
0.06978864
-0.02803971
-0.05366053
0.00505129
-0.14666346
0.00182376
0.04251656
0.16165948
-0.16476385
-0.02569284
-0.03115083
-0.05354196
0.03568746
-0.23067403
-0.05500720
0.12835535
0.09103604
-0.09885865
-0.11087886
0.32495248
-0.01595775
0.01910779
0.02829904
-0.12922245
-0.04719343
0.01992774
0.24409910
0.02428525
-0.20166101
0.06640060
0.37427840
0.06349984
0.10429310
-0.08856683
0.47283000
-0.10392082
-0.03966045
-0.00696994
0.15997998
0.22392444
-0.07870204
-0.15217514
-0.05364119
-0.01509822
-0.00021991
-0.00196375
-0.21495591
-0.04312443
-0.43745121
0.02082575
-0.12370992
0.05971575
-0.01503864
-0.17994772
-0.00487419
0.09947816
0.12236310
-0.03466120
0.05419816
-0.04550751
0.11304449
-0.06656445
-0.17085971
-0.17030519
-0.06173893
-0.05735056
-0.03079499
-0.07713517
-0.12663397
-0.10099233
0.23583037
0.03236012
0.16618080
-0.03175622
-0.09539013
-0.08476730
0.04128389
0.11310747
-0.18653594
0.27341086
-0.19713727
0.03712351
0.01924877
0.18112038
-0.05323522
-0.09342625
0.32427227
-0.19396241
0.17870896
-0.00897342
0.00197247
-0.11865850
0.05724083
-0.04865504
-0.29562572
0.05584151
-0.06619915
0.13271835
-0.08311812
-0.00993132
0.06158876
0.04844812
-0.27491590
-0.19667344
0.04238743
-0.04765558
0.00789322
0.00358743
-0.21119700
-0.12734608
-0.14349774
-0.15245937
0.38943514
-0.13400415
-0.05466270
0.00302350
-0.05047518
0.34978038
-0.25575092
-0.17076860
-0.08688999
0.05649510
-0.10344797
0.15409009
0.02994377
0.19753942
0.13673975
0.00872393
-0.24019393
-0.05367982
-0.09456846
0.01046326
0.01157710
0.29891315
0.17812523
0.01678161
0.05381874
0.04130482
-0.02651254
-0.03108184
0.02896213
0.03926143
-0.02708846
-0.11727996
-0.26849043
0.05761473
0.07497346
0.20921358
0.07845967
-0.16180520
0.15753803
0.02713590
-0.12745188
0.13282298
0.24619859
-0.01860585
-0.10696705
0.06903734
-0.18642923
0.08674411
-0.11312262
-0.13518286
-0.20973566
-0.15791579
-0.01261781
0.02415412
0.23640352
-0.25350422
0.01921411
-0.13584110
-0.06519985
-0.04075677
-0.21716526
0.03840844
-0.14809060
0.04710285
0.24569130
-0.11208700
-0.12333993
-0.18418846
0.38329253
0.35530224
-0.03607186
0.26819378
-0.21625665
-0.33580211
-0.07500748
-0.03465424
0.00919379
-0.15844928
0.00196703
0.13971031
-0.13156131
0.15703149
-0.06922235
0.02232434
-0.09583637
-0.00856682
0.35841238
0.06990883
0.30401769
-0.10719833
-0.12706392
0.01507382
-0.18444720
0.15551567
0.14230077
-0.07723757
0.11905459
0.03028312
-0.09783716
0.07755011
0.11500005
0.20442833
-0.21364726
-0.25463635
0.05192091
-0.04135442
0.25831544
0.03582156
-0.27716208
0.00819813
-0.07769497
0.08326059
0.11866874
-0.01980848
-0.10712198
-0.09451743
-0.03446005
0.13203403
-0.02349970
-0.04259543
0.15206718
0.05765047
-0.04200946
-0.09503523
-0.15017696
0.21241157
-0.07382429
-0.06830401
0.23152322
0.18882823
0.05940773
0.06669897
0.02187669
0.29965591
0.12123099
-0.14101054
-0.06339113
-0.05572224
0.01947407
0.18050522
-0.02910752
-0.13927442
-0.42760614
-0.06827243
0.18097667
-0.09560985
0.07828081
0.01621162
-0.02379984
0.01059812
-0.15737632
-0.07997455
0.26487476
0.03521633
0.03273994
-0.04261162
-0.17461535
-0.16220900
-0.00984212
-0.01329430
-0.18839255
-0.01797162
-0.13950811
-0.16617787
0.05885025
-0.17728169
0.01460911
0.24289584
-0.10303132
-0.06448837
-0.00123124
0.01896673
-0.12228325
-0.09822630
-0.08922188
0.06008061
0.32906306
-0.02970685
-0.25717756
0.00618227
-0.00900045
0.00776929
-0.00526712
-0.14527006
0.17264225
-0.14836228
-0.01325580
-0.06882738
-0.15983176
0.04801278
-0.04078076
0.32341698
0.53434980
-0.00928211
-0.07804339
0.20300493
0.20975406
0.35829231
-0.02479477
-0.07125287
-0.19323471
-0.01988073
0.02154765
-0.05957680
-0.18239476
-0.27121967
0.24966946
-0.01936064
-0.26817164
0.16937344
0.37468734
0.20312388
-0.06518741
0.14716674
-0.16017078
0.00483628
-0.16079672
-0.03425585
0.16815540
0.01939091
-0.11945630
0.24913764
0.01118182
-0.11081734
0.16591217
-0.00172652
0.09564074
0.17821385
-0.02050972
-0.30431390
-0.38653901
0.14765355
-0.18523173
0.00464224
-0.06128245
0.04088433
-0.27275994
0.06441628
0.34137684
0.03059904
0.04068203
-0.07385593
0.12013184
0.04030962
0.00237497
-0.03416888
0.06005382
-0.13598835
-0.09007709
-0.01945432
-0.04264273
0.15207841
-0.07376804
-0.06201250
0.01175111
0.25838166
0.43752933
-0.11805648
0.01120811
0.07457323
-0.06010938
0.17255475
0.03816322
0.16703773
0.07495583
0.12729828
0.16677962
-0.20929778
-0.02955894
0.34928644
-0.16331264
-0.00790744
0.21266595
0.24863541
0.01538909
0.10384674
0.16002280
-0.03192778
0.16243486
0.03825750
0.01126386
-0.00300341
-0.02461668
0.05033485
-0.20887543
0.19019468
-0.04042415
-0.06814086
0.01837367
0.08959024
0.33260766
-0.00043992
0.02599524
-0.06392448
0.08166074
-0.20505299
0.31091794
-0.12222216
-0.22201590
-0.02372589
0.11534947
0.02632864
0.11123310
0.04311337
-0.28077871
-0.09227221
0.15563230
0.07488345
-0.14810987
0.02764502
0.07385508
0.36817205
-0.17047861
0.22672957
0.03626161
-0.25740144
-0.30197787
0.11044088
0.18135013
-0.26969957
-0.41045144
-0.11548468
-0.03808270
-0.01607104
-0.12288217
-0.02385639
-0.04879962
0.00889975
0.31332222
-0.15116230
-0.05709846
0.29111806
0.10254978
0.22767417
-0.08473270
-0.02517864
0.40322712
-0.05315581
-0.15610979
0.01678966
-0.03685232
0.11795940
-0.16845767
-0.12457909
0.25899971
0.02419852
-0.09688385
-0.00315561
-0.16767423
-0.03727995
-0.14121380
-0.08567522
-0.03312488
0.01728839
-0.11139425
-0.12852414
-0.10103090
0.45285678
0.09368078
-0.12320692
0.14817700
0.01668232
0.01849885
-0.04262388
0.05848453
-0.03236363
0.00566697
-0.01354397
-0.03030483
0.05524518
0.34399292
0.00237954
-0.02452221
0.15105405
0.02468069
0.20466746
0.00046060
0.06466478
-0.06543070
-0.00056479
0.00826411
-0.15620339
-0.11669254
-0.32589793
-0.25281939
-0.17439233
0.03898210
-0.10287360
0.05183148
-0.22283921
0.09331476
-0.13393849
0.01761784
-0.05005243
0.09650229
-0.02866523
-0.01368108
-0.02478762
-0.16646031
0.17725749
0.01515027
-0.08354109
0.19281957
-0.00138161
-0.08238296
0.10802419
0.11084227
-0.17055872
0.19084351
0.01717232
0.02298809
0.00811940
-0.18022834
-0.09435529
0.07978662
0.06960490
0.29160795
0.01992434
0.04147307
0.06176227
0.01184035
-0.06380883
-0.26425746
0.30296108
-0.16160703
-0.16367503
-0.10873797
0.04805573
0.26597929
-0.10300209
-0.09777618
0.09745743
-0.17234565
0.20483969
-0.13082983
0.26263607
-0.08028640
0.02375042
-0.10213393
-0.22896029
-0.08204710
0.15167286
-0.03753613
0.18678416
0.26576495
-0.00254215
0.01389319
0.47962043
0.45253173
0.08744831
0.18385383
-0.05521226
-0.10339784
-0.02765560
0.11217280
-0.05096442
-0.17784321
0.33049348
-0.15894215
-0.32639000
-0.08427041
-0.03467138
0.15167259
-0.11238102
-0.13060187
-0.01190057
0.28975978
-0.08568846
0.10747432
0.20893849
-0.15890573
0.03825350
-0.13166691
0.01775519
-0.17340000
-0.00208967
0.22212952
0.11612567
-0.06721760
-0.10224303
-0.10128315
-0.01122427
-0.06376459
0.24664955
-0.00806215
-0.23263295
-0.01523480
0.09375128
-0.02920264
0.02668977
-0.08490098
-0.19350882
0.14475854
-0.03981793
0.22114623
-0.02190054
-0.10439101
-0.03089530
-0.20575401
-0.05425870
-0.03084308
-0.06235246
0.14439428
0.11221914
0.11820649
-0.07225700
-0.12183914
0.10674336
0.10257390
-0.21182151
-0.15707667
0.25485522
-0.09666573
-0.04033981
-0.05837192
0.15639244
0.03042779
-0.11425304
0.02103870
0.38324168
0.06448708
0.04658823
-0.10288396
-0.12908541
0.25549868
-0.10525715
0.00648356
-0.06653351
-0.18022881
-0.13000858
0.01759253
0.00823006
0.21724936
0.00968288
-0.17823429
-0.19532351
-0.22789232
-0.02317270
-0.06871335
0.07149757
0.06727924
0.23194781
-0.02156393
0.26985508
0.15702081
-0.05159521
0.17206228
0.29113534
-0.04058285
-0.09883898
-0.10024620
0.14977565
0.02917259
-0.04369806
-0.04948590
-0.02435110
0.17334211
0.21444654
-0.18701155
-0.06123118
0.01574438
0.17934383
-0.33893409
-0.11785655
0.20831344
0.04412096
-0.15062745
-0.13690004
-0.02381138
0.15889260
0.14967927
0.31281751
0.05234303
-0.01149873
0.15791099
-0.20774083
0.05511421
0.20558763
0.30268016
-0.13947655
-0.24785452
-0.18845528
0.20240287
-0.24517468
-0.22735177
0.33309743
0.01729750
-0.17948247
-0.18452697
-0.22107804
0.00442468
0.24698262
-0.13609642
-0.04072332
0.02383691
0.18689232
0.10785126
0.05647779
-0.05642242
-0.07205606
0.10333724
0.00321874
-0.29395208
0.00254182
0.21372549
-0.22332871
-0.12712397
0.08500394
-0.04068432
-0.06558797
0.02560426
0.11177328
-0.07602193
-0.26005548
0.03330967
0.10197800
0.18422867
0.05817208
-0.04950054
-0.09538673
0.18739797
0.01638805
-0.13312103
-0.00428226
0.01288985
-0.13768809
-0.19299956
0.02301890
-0.01042592
-0.05666543
-0.16422567
-0.21952526
0.17815201
0.02656032
0.10361751
-0.04877146
0.24498329
0.15131673
-0.24817477
-0.26056725
-0.08018305
-0.11227204
-0.00848912
0.01103869
0.05414151
-0.30408370
0.28986043
0.04380891
-0.03560555
-0.05684172
-0.08257535
-0.10211839
-0.07112364
0.00814575
0.21120670
-0.02245628
0.03132251
0.01810520
-0.10789909
-0.06049626
0.01546127
0.00379566
-0.04549014
0.33398631
0.20921811
0.01182762
0.03347276
-0.03508720
-0.16644365
-0.19477583
0.00022622
-0.17949226
-0.21923383
0.15527748
-0.05285851
-0.24663553
0.01810490
0.24556924
-0.14544155
-0.31819621
-0.02222826
-0.04282743
0.21041381
-0.02865718
-0.00158152
-0.16988100
0.31105268
-0.05068945
0.06946679
-0.10636731
0.21665543
-0.13335982
-0.07531848
-0.05670497
-0.16127871
0.10570347
0.04461168
-0.10674283
-0.06484548
-0.22552219
-0.19257641
-0.03911516
-0.07407220
-0.15451895
-0.23239395
-0.00047621
-0.04635407
0.30959225
0.27238056
-0.00496020
-0.08584230
-0.01030900
0.24343784
-0.06800841
-0.00582157
0.02056647
-0.08393611
0.24672209
-0.15687893
-0.08204595
-0.14579184
0.02006563
-0.11112865
0.06566008
0.12507035
-0.15281141
0.28669873
0.01002790
-0.24988361
0.13789672
0.21906585
0.03992300
-0.21391816
0.23656788
0.02810243
-0.07424109
0.06359471
0.03905827
-0.17694351
-0.17269881
0.22348887
0.33859709
-0.18042281
0.23424925
-0.02748347
-0.04476129
0.17793210
-0.07504880
-0.10638889
0.01463597
-0.27739352
-0.06945179
-0.12438215
0.00679480
-0.19002768
-0.11056095
0.01686985
-0.05501860
-0.12878138
0.03926519
-0.18344033
0.02551728
-0.02613701
-0.01518078
-0.33009166
-0.10168564
0.12960742
-0.04755871
0.01690313
0.21533081
0.00094117
-0.14596064
-0.03418667
0.24286668
-0.11514910
-0.06558435
0.04055863
-0.00179558
0.08395223
0.22471340
-0.10322236
-0.06131972
0.00717087
0.01003440
-0.22577952
0.23389578
-0.00722334
-0.07821272
-0.02555403
-0.20832498
-0.06408075
-0.15539104
-0.07584685
-0.04444023
0.01895756
-0.06001595
0.31864920
-0.28667426
-0.00531745
0.03687536
0.25156584
-0.10027240
-0.19085096
-0.02270414
-0.02507078
-0.10892521
0.16546059
0.26570457
-0.14656475
-0.05812215
-0.00021649
-0.05326048
-0.20935431
-0.11130599
-0.22047156
-0.02880200
0.23881549
-0.00961923
0.01425700
0.26482522
0.07607393
-0.01330901
-0.22564732
-0.02849670
0.17218800
-0.03086312
-0.00032184
0.34514865
0.31255963
-0.05147112
0.23609489
-0.17669681
0.20140986
-0.24984144
0.02597681
-0.29876539
-0.05291552
-0.01249188
-0.09896156
-0.06725213
0.17733766
0.06544756
0.15865071
-0.09546718
0.17403263
0.20246495
-0.12646331
-0.02643908
0.02521925
-0.17417571
-0.11544252
0.16887489
0.07221088
-0.14837451
0.00057730
-0.01955548
-0.18733710
0.02911464
0.08873481
0.01142841
0.17901580
-0.01981683
0.25008157
0.14382958
0.12769228
-0.05690726
-0.15113463
-0.19412206
-0.04574484
-0.13505594
0.21915734
-0.21640380
-0.23768215
-0.01837144
0.01570525
0.20589757
0.16760649
0.01147666
0.07833099
0.02065584
-0.18400480
-0.05854416
0.23217437
-0.04349505
0.04443899
-0.08656066
-0.02269319
-0.14672248
-0.00351814
0.06985132
-0.11870088
-0.03610444
0.20491324
0.23545799
0.19451378
-0.16752052
-0.13650948
-0.06066070
0.00999762
0.02875033
-0.10039485
0.09804820
-0.29041228
-0.02516782
0.00443803
-0.01269079
-0.16359845
-0.22681573
-0.14316545
0.01283630
-0.02755316
0.05797396
0.21723317
-0.08240917
-0.01275568
0.01062664
-0.04824767
-0.03975261
-0.08564761
0.28601414
-0.11745381
-0.00123655
-0.01761351
-0.03112971
-0.04976049
0.14454553
-0.00462829
-0.21183836
0.02945675
-0.05200912
-0.08017796
-0.26016212
0.01643700
0.19486456
0.17391868
0.09816901
0.25629503
0.23736116
-0.09291084
0.15186514
0.12574324
0.00609461
-0.05330800
-0.04277327
-0.03993101
-0.07987720
0.12684147
0.09394664
-0.08650757
0.13470210
0.17759438
0.16994223
-0.03580672
0.01148054
0.03830559
-0.05446477
0.17665790
-0.02126275
0.01020240
0.03758676
-0.46697965
-0.16314656
-0.08307216
0.27662799
-0.11902364
-0.22705194
-0.06028156
-0.06162760
-0.05834457
-0.10875110
0.14615276
0.38011962
-0.12142073
0.25203228
-0.12874289
-0.14300147
0.36994946
0.02479573
-0.05641976
-0.27122748
-0.08416735
-0.07995570
-0.24905483
0.06158230
-0.11206096
0.04775193
0.27922410
0.00037200
-0.10309917
-0.23567261
0.09496012
-0.03333810
-0.04637395
0.04378532
0.02007667
-0.22462010
0.14887071
0.23356821
0.14655623
-0.03305154
-0.17115769
-0.03152182
-0.05744575
0.12189885
0.34066638
0.07631315
0.23809674
-0.06998733
-0.04821487
0.17015494
0.33906412
0.08766125
0.02188568
0.00333688
0.16398540
0.25894669
-0.09165815
0.00435406
0.06517011
0.10802916
0.01933387
-0.15156174
0.26191753
0.16159767
-0.22628850
0.13582160
-0.04212593
0.01351405
0.01396024
-0.20238712
-0.00526149
0.18445368
-0.08809829
0.09475424
0.25788823
0.10668574
