shape=[256]
-0.01451761
-0.01034242
-0.02686688
0.05117336
-0.03123019
-0.03944164
0.00014471
-0.00184603
-0.00905459
-0.02812696
-0.02875663
-0.00734172
-0.02431227
-0.00206546
0.00192515
-0.00563231
-0.04109220
0.00207460
-0.00032875
-0.06304158
-0.02384385
-0.00927380
-0.05321778
0.09661031
-0.06506774
-0.08184718
0.02168579
-0.01924315
-0.04001039
-0.02192903
-0.01053410
-0.01967068
-0.01264611
0.00369903
-0.01235161
0.00175776
0.01761855
-0.02217251
-0.01224717
-0.01060271
0.00366490
0.02383253
0.01224432
0.03215263
-0.05116368
0.07581204
-0.01979249
0.03113912
-0.00288545
-0.06328221
0.08826546
-0.00685713
-0.01645546
-0.03392801
-0.00208364
-0.00378197
-0.01852243
0.02655975
-0.02843894
0.00740581
-0.00325855
-0.00979780
0.00703939
-0.00695082
0.01957910
0.00866225
0.03636131
-0.00594800
-0.02025592
0.01912714
-0.00435243
-0.01498533
0.00133703
0.00128691
0.03881634
-0.02429453
-0.00370282
0.00906377
-0.02321078
-0.04878956
0.00098263
-0.01277062
0.00578844
-0.02442804
0.02667741
0.01314813
0.01027802
0.00384879
-0.02395053
-0.05898412
-0.05901908
-0.00932231
-0.00691522
-0.01211255
0.06052897
-0.00608695
-0.06695346
-0.05195920
0.00462758
-0.00928292
-0.00237020
-0.00337096
0.00071036
-0.01718359
-0.00393646
0.00311469
-0.00884051
-0.05707474
-0.02839314
-0.03490124
0.00865395
-0.02059522
-0.00152478
-0.00884846
-0.00525696
-0.06916907
0.00266958
-0.03046159
-0.01362860
-0.05745224
-0.11266193
-0.00086957
-0.00569545
-0.00945946
-0.03437896
-0.01154396
-0.09076093
-0.00722570
-0.01530258
-0.03964217
0.02546995
0.04818085
-0.04580507
-0.00209248
0.03715351
0.05017764
0.00021308
0.02611396
0.03599352
-0.02087474
-0.00637711
-0.00393336
-0.01661916
-0.02216768
-0.04982353
-0.06324133
0.00665186
-0.09012742
0.00120830
0.00195731
-0.00967002
-0.06090550
-0.00448739
-0.08156552
-0.01159353
-0.03518380
-0.00773516
-0.08868656
-0.00462379
-0.03871826
-0.04707462
-0.06020836
-0.03882447
-0.00757369
-0.04341322
-0.04016941
-0.00702683
0.00029647
0.00249974
-0.05442138
-0.03721657
-0.04667556
-0.01673457
-0.03968599
-0.01727474
-0.00670838
0.02865613
-0.02025738
-0.01103200
0.00920221
-0.00961690
-0.02897327
-0.01089977
-0.00490077
0.00372364
0.00979134
-0.00616608
-0.04879659
0.01604261
-0.05104046
0.02902453
-0.00819442
-0.02837951
0.02904989
0.01037005
-0.00427144
-0.07944857
0.01491726
-0.04514644
-0.00632977
-0.03681597
0.03087434
0.00720743
-0.00169935
-0.02485311
0.00905416
0.02972091
-0.03309300
-0.01586173
0.00423139
0.00269037
0.00178222
-0.02509613
-0.08151656
0.00134508
-0.02563916
-0.04334453
0.03320951
0.00101653
-0.07791069
-0.00920417
0.01384525
-0.01681116
-0.03254700
-0.00457440
-0.00606508
-0.05396317
0.02532275
0.00827564
-0.01494880
-0.03410341
-0.02492915
0.05178001
0.00907449
-0.00811963
-0.01497636
-0.00391649
-0.01336679
-0.05062085
-0.00612738
0.00590785
-0.00454986
-0.06349350
0.01439765
0.00705112
-0.04949438
-0.05913889
-0.02974003
-0.01478434
-0.00266063
-0.06809194
-0.03004774
-0.07908170
-0.04436833
0.01566405
0.01734180
