shape=[128]
-0.04403377
0.03476354
0.04450136
-0.00371497
0.04262907
0.11606078
-0.05134440
-0.00082557
0.01664184
-0.02359836
0.02280378
0.05496065
0.02703991
-0.01254157
-0.02243629
-0.02888559
0.17486316
0.02162532
-0.02177567
0.00943911
0.19639364
0.02152348
0.03015986
0.00034616
-0.01322047
0.02146380
0.06686558
0.11754076
0.01364497
0.02847928
0.06292513
-0.02886122
0.00975202
0.03541168
0.07761025
-0.00847447
0.22646298
0.01974584
0.14448927
0.11911402
0.00201895
-0.01329074
0.04476060
0.11133766
0.03980225
0.05146537
-0.03325381
0.08275761
0.16689093
0.00177503
0.07115243
-0.02271637
0.24794020
0.00386693
-0.03602586
0.08014835
-0.00801457
0.06126245
-0.02735467
-0.01985871
0.14888625
-0.03250386
0.04158982
0.03761080
0.09179895
0.10210337
0.02001885
-0.01924026
0.09772902
-0.00845818
0.00686832
0.07123416
0.01400777
0.00117766
0.04417099
-0.02611987
0.06912870
-0.00770707
0.11985036
-0.02511131
0.08142333
0.06456328
0.08354464
0.07308627
0.04851445
-0.00368116
0.00365808
0.04027136
0.02375246
0.08783056
0.27975819
0.00506525
0.03594466
-0.00513046
0.00755914
0.03329495
0.03344061
0.00187719
0.13071841
-0.01623604
0.02129774
0.02208249
0.07340513
0.03510135
-0.01405970
0.01163871
0.02855138
0.01308930
-0.01765136
0.00332542
0.00526282
-0.00437836
0.05675457
0.06508300
0.17916958
0.06873419
0.17402780
0.03452968
-0.00310681
0.00255277
-0.01242759
0.19777493
-0.01625246
-0.03984842
0.00424909
0.01307265
-0.00612921
0.04283782
